# X , Y , E Distribution=true

-20.1034,0.512048,0.0354198
-19.9824,0.645075,0.0396291
-19.8614,0.475964,0.0338979
-19.7404,0.82698,0.0449684
-19.6194,0.60018,0.0382998
-19.4985,0.649558,0.0398064
-19.3775,0.859681,0.045647
-19.2565,0.794121,0.043922
-19.1355,0.579487,0.0374994
-19.0145,0.295239,0.0267437
-18.8935,0.33729,0.0286098
-18.7726,0.369837,0.0299747
-18.6516,0.457471,0.0332448
-18.5306,0.422806,0.0320484
-18.4096,0.452414,0.0331913
-18.2886,0.53374,0.0359842
-18.1676,0.378004,0.030245
-18.0467,0.430096,0.0323511
-17.9257,0.355016,0.0293469
-17.8047,0.479867,0.03404
-17.6837,0.498742,0.0347393
-17.5627,0.455647,0.0332136
-17.4417,0.413049,0.0316724
-17.3208,0.293468,0.0267612
-17.1998,0.474696,0.0338618
-17.0788,0.444591,0.0328633
-16.9578,0.314078,0.0275887
-16.8368,0.287488,0.0264002
-16.7158,0.31677,0.0277843
-16.5949,0.47712,0.0341536
-16.4739,0.512036,0.0353447
-16.3529,0.500372,0.0350407
-16.2319,0.389937,0.0309585
-16.1109,0.400847,0.031307
-15.9899,0.495667,0.0348431
-15.869,0.371359,0.0302579
-15.748,0.701675,0.0417078
-15.627,0.642573,0.0400838
-15.506,0.479517,0.0346187
-15.385,0.711382,0.0422967
-15.264,0.553224,0.0372202
-15.1431,0.521559,0.0359921
-15.0221,0.436033,0.0329797
-14.9011,0.529867,0.036492
-14.7801,0.494191,0.0352542
-14.6591,0.615357,0.039167
-14.5381,0.50766,0.0356238
-14.4172,0.69696,0.0418354
-14.2962,0.559732,0.0376439
-14.1752,0.577357,0.0382245
-14.0542,0.61135,0.0393239
-13.9332,0.705031,0.0423337
-13.8122,0.818388,0.0458087
-13.6913,0.725609,0.0431563
-13.5703,0.729295,0.0433195
-13.4493,0.797062,0.0452458
-13.3283,0.781296,0.0449735
-13.2073,0.743619,0.0440772
-13.0863,0.790875,0.0452693
-12.9654,0.795321,0.0453986
-12.8444,0.873984,0.0478724
-12.7234,0.895802,0.0482506
-12.6024,0.966202,0.0501238
-12.4814,0.857308,0.0471596
-12.3604,0.864353,0.0475402
-12.2395,0.926378,0.0491689
-12.1185,0.957015,0.0499669
-11.9975,1.00768,0.0512331
-11.8765,1.05271,0.0525019
-11.7555,1.13077,0.0543623
-11.6345,1.01067,0.0512812
-11.5136,1.07103,0.0529259
-11.3926,1.30815,0.0582873
-11.2716,1.10094,0.0534378
-11.1506,1.29609,0.0580887
-11.0296,1.15921,0.0550145
-10.9086,1.20096,0.056014
-10.7877,1.15285,0.0550026
-10.6667,1.26781,0.0575795
-10.5457,1.20786,0.0562169
-10.4247,1.10099,0.0537626
-10.3037,1.36093,0.0597243
-10.1828,1.3125,0.0587012
-10.0618,1.35671,0.0596698
-9.94078,1.4082,0.0607041
-9.8198,1.48679,0.0624688
-9.69882,1.51402,0.0629987
-9.57783,1.59362,0.0647849
-9.45685,1.53573,0.0635044
-9.33587,1.51346,0.0630858
-9.21488,1.41754,0.0610019
-9.0939,1.64109,0.0657534
-8.97292,1.63901,0.0656427
-8.85194,1.6951,0.0668642
-8.73095,1.64676,0.0657992
-8.60997,1.64376,0.0659032
-8.48899,1.85219,0.0698338
-8.368,1.88595,0.0704021
-8.24702,1.81276,0.069182
-8.12604,1.91238,0.0710717
-8.00505,1.90017,0.0708626
-7.88407,1.93745,0.0715106
-7.76309,2.0026,0.0727378
-7.6421,2.11392,0.07469
-7.52112,2.12988,0.0749024
-7.40014,2.35971,0.0790524
-7.27915,2.31795,0.078279
-7.15817,2.31696,0.0782517
-7.03719,2.38929,0.0794747
-6.9162,2.4513,0.0805556
-6.79522,2.42281,0.0799813
-6.67424,2.58169,0.0826381
-6.55326,2.65683,0.0837848
-6.43227,2.65436,0.0838512
-6.31129,2.87944,0.087244
-6.19031,2.76181,0.0854326
-6.06932,2.90254,0.0876805
-5.94834,3.06028,0.0899682
-5.82736,3.20796,0.0921638
-5.70637,3.32228,0.0937501
-5.58539,3.35369,0.0940712
-5.46441,3.37149,0.0944633
-5.34342,3.61312,0.0976066
-5.22244,3.82274,0.100508
-5.10146,3.91339,0.101589
-4.98047,4.29342,0.106437
-4.85949,4.16599,0.104714
-4.73851,4.84859,0.112751
-4.61752,4.90716,0.113455
-4.49654,5.53864,0.120511
-4.37556,5.93397,0.124525
-4.25457,6.41387,0.129321
-4.13359,7.66758,0.141069
-4.01261,8.49095,0.148481
-3.89163,9.93177,0.160344
-3.77064,11.4513,0.1722
-3.64966,13.2296,0.184999
-3.52868,15.6847,0.201128
-3.40769,18.4673,0.218318
-3.28671,22.6978,0.242155
-3.16573,26.7922,0.263055
-3.04474,33.2802,0.293014
-2.92376,40.2163,0.322545
-2.80278,50.6098,0.362893
-2.68179,61.4672,0.400177
-2.56081,75.0891,0.44286
-2.43983,92.8659,0.493149
-2.31884,112.224,0.543175
-2.19786,135.993,0.59936
-2.07688,161.492,0.654482
-1.95589,189.975,0.711987
-1.83491,219.951,0.767622
-1.71393,252.612,0.824867
-1.59295,285.902,0.879191
-1.47196,321.055,0.934292
-1.35098,361.733,0.994079
-1.23,405.711,1.05613
-1.10901,452.569,1.11862
-0.988029,499.393,1.17903
-0.867046,536.2,1.22475
-0.746063,570.683,1.26732
-0.62508,592.433,1.29366
-0.504097,602.266,1.30461
-0.383113,599.961,1.30267
-0.26213,587.098,1.28826
-0.141147,566.052,1.26553
-0.0201639,542.758,1.24018
0.100819,515.253,1.20858
0.221802,484.188,1.1729
0.342786,445.845,1.12621
0.463769,402.953,1.07045
0.584752,360.882,1.0132
0.705735,316.73,0.948988
0.826718,272.351,0.87987
0.947701,227.891,0.804122
1.06868,185.645,0.725151
1.18967,148.26,0.646961
1.31065,115.381,0.569528
1.43163,86.306,0.490922
1.55262,63.7434,0.421396
1.6736,47.1331,0.361755
1.79458,34.0313,0.307019
1.91557,25.2726,0.264461
2.03655,19.4341,0.231897
2.15753,15.2193,0.205175
2.27852,12.7385,0.187979
2.3995,11.3801,0.177707
2.52048,10.3703,0.169784
2.64147,9.58966,0.163321
2.76245,9.47293,0.162435
2.88343,9.33453,0.161268
3.00442,8.88793,0.157507
3.1254,9.0874,0.159278
3.24638,8.5785,0.154854
3.36736,8.52054,0.154393
3.48835,8.44777,0.153899
3.60933,8.39601,0.153474
3.73031,8.20556,0.151702
3.8513,8.15292,0.151441
3.97228,7.81596,0.148285
4.09326,7.59994,0.146319
4.21425,7.18705,0.142384
4.33523,6.81495,0.138647
4.45621,6.60971,0.136595
4.5772,6.51557,0.135807
4.69818,6.18033,0.132328
4.81916,6.248,0.133021
4.94015,6.05917,0.131094
5.06113,6.02108,0.130677
5.18211,5.90178,0.129484
5.3031,6.02246,0.130822
5.42408,5.90545,0.129625
5.54506,5.97157,0.130424
5.66605,5.63376,0.126778
5.78703,5.72036,0.127805
5.90801,5.44244,0.124701
6.02899,5.50067,0.125433
6.14998,5.59987,0.126715
6.27096,6.17424,0.13301
6.39194,6.34458,0.134784
6.51293,6.93834,0.141062
6.63391,7.06792,0.142466
6.75489,7.5073,0.146889
6.87588,6.99969,0.141947
6.99686,6.86303,0.140671
7.11784,6.10544,0.132697
7.23883,5.50385,0.126129
7.35981,5.02986,0.120708
7.48079,4.89445,0.119121
7.60178,4.24354,0.111128
7.72276,4.0006,0.107967
7.84374,4.07304,0.10905
7.96473,3.75386,0.104823
8.08571,3.65982,0.103634
8.20669,3.3903,0.0997115
8.32767,3.46158,0.100973
8.44866,3.24345,0.0977651
8.56964,3.26326,0.0982269
8.69062,3.03851,0.0949016
8.81161,2.91403,0.0930177
8.93259,2.80355,0.0912373
9.05357,2.6478,0.0887758
9.17456,2.56698,0.0875183
9.29554,2.55278,0.0873649
9.41652,2.50722,0.0866288
9.53751,2.35043,0.0839692
9.65849,2.54242,0.0873407
9.77947,2.36374,0.0842928
9.90046,2.54525,0.0875978
10.0214,2.26081,0.082603
10.1424,2.26976,0.0828682
10.2634,2.24358,0.082448
10.3844,2.26683,0.0829593
10.5054,2.23213,0.0823382
10.6264,2.14572,0.0807609
10.7473,2.26415,0.0830699
10.8683,2.14573,0.0809266
10.9893,2.23689,0.0827195
11.1103,2.21734,0.0824125
11.2313,2.22051,0.0825076
11.3523,2.02887,0.0788819
11.4732,2.10594,0.0804688
11.5942,2.18445,0.082031
11.7152,2.09789,0.0804515
11.8362,2.1488,0.0814679
11.9572,2.24641,0.0833177
12.0782,2.10629,0.0808306
12.1991,2.23521,0.0832342
12.3201,2.30997,0.0846849
12.4411,2.07115,0.0802702
12.5621,2.30079,0.0846455
12.6831,2.23651,0.0834673
12.8041,2.21679,0.0831409
12.925,2.35126,0.0858088
13.046,2.25937,0.0841494
13.167,2.18622,0.0827074
13.288,2.12787,0.081797
13.409,2.29156,0.0849084
13.53,2.37984,0.0865501
13.6509,2.41226,0.0871077
13.7719,2.35755,0.086237
13.8929,2.26117,0.0844686
14.0139,2.24258,0.0842282
14.1349,2.49695,0.0889627
14.2559,2.47187,0.0885464
14.3768,2.3399,0.0861851
14.4978,2.42065,0.0877942
14.6188,2.25704,0.0848438
14.7398,2.3777,0.087067
14.8608,2.35127,0.0866247
14.9817,2.37577,0.0871402
15.1027,2.41293,0.0878848
15.2237,2.36127,0.086955
15.3447,2.37811,0.0874385
15.4657,2.45042,0.088802
15.5867,2.39653,0.0878269
15.7076,2.43022,0.0885416
15.8286,2.3732,0.0875008
15.9496,2.55044,0.0908288
16.0706,2.49151,0.0898263
16.1916,2.52959,0.0905687
16.3126,2.48396,0.0898914
16.4335,2.44311,0.0891224
16.5545,2.46365,0.0894899
16.6755,2.44328,0.0892576
16.7965,2.48561,0.0901005
16.9175,2.52236,0.0908204
17.0385,2.50072,0.0905359
17.1594,2.63285,0.0928948
17.2804,2.56792,0.0917669
17.4014,2.8587,0.0969399
17.5224,2.6138,0.0928591
17.6434,2.53169,0.0913447
17.7644,2.70198,0.0944638
17.8853,2.74729,0.0953578
18.0063,2.67905,0.0941462
18.1273,2.70686,0.0948099
18.2483,2.73299,0.0952159
18.3693,2.69994,0.0947567
18.4903,2.80899,0.0968041
18.6112,2.75622,0.0959073
18.7322,2.87987,0.0981212
18.8532,2.7028,0.0949923
18.9742,2.78493,0.0964991
19.0952,2.75545,0.0960722
19.2162,2.99436,0.100256
19.3371,2.9369,0.0992913
19.4581,2.92291,0.0991609
19.5791,2.87868,0.0983475
19.7001,2.80357,0.0971304
19.8211,2.82604,0.0976749
19.9421,2.9258,0.0994983
20.063,2.86634,0.0984682
20.184,2.89342,0.0989704
20.305,3.09577,0.102447
20.426,3.13213,0.103082
20.547,3.11487,0.102866
20.668,3.08768,0.102451
20.7889,3.0714,0.102267
20.9099,3.11202,0.102995
21.0309,2.95295,0.100437
21.1519,3.08413,0.10263
21.2729,3.11983,0.103261
21.3939,3.17769,0.104284
21.5148,3.24195,0.105471
21.6358,3.21576,0.105075
21.7568,3.20338,0.104999
21.8778,3.28142,0.106313
21.9988,3.22317,0.105407
22.1198,3.22663,0.105407
22.2407,3.29076,0.106499
22.3617,3.35267,0.107734
22.4827,3.52114,0.110409
22.6037,3.37226,0.108102
22.7247,3.25903,0.106371
22.8457,3.37847,0.108301
22.9666,3.41497,0.109018
23.0876,3.4172,0.109092
23.2086,3.21322,0.10588
23.3296,3.41067,0.109104
23.4506,3.46074,0.110041
23.5716,3.22121,0.10614
23.6925,3.42087,0.109487
23.8135,3.43849,0.109914
23.9345,3.42043,0.109725
24.0555,3.4658,0.110462
24.1563,3.3283,0.13248
24.2571,3.47234,0.0570907
24.3784,3.60353,0.0579805
24.5003,3.47865,0.0568964
24.6228,3.58228,0.0575595
24.7459,3.52898,0.0568852
24.8696,3.50712,0.0565851
24.994,3.53011,0.0566861
25.119,3.6285,0.0572702
25.2446,3.72671,0.0578809
25.3708,3.67317,0.0573348
25.4976,3.72477,0.0575815
25.6251,3.65645,0.0568952
25.7533,3.64768,0.0567444
25.882,3.76596,0.0574768
26.0114,3.69125,0.0567463
26.1415,3.69624,0.0566773
26.2722,3.60429,0.0557398
26.4036,3.82405,0.0573249
26.5356,3.74628,0.0565924
26.6682,3.72618,0.0563396
26.8016,3.64691,0.0556
26.9356,3.71597,0.0559872
27.0703,3.7316,0.0559561
27.2056,3.8115,0.0564027
27.3417,3.77236,0.0559485
27.4784,3.85954,0.0565052
27.6158,3.90933,0.0567451
27.7538,3.83728,0.0560531
27.8926,3.81153,0.0557526
28.0321,3.827,0.0557505
28.1722,3.85898,0.0558566
28.3131,3.862,0.055772
28.4547,3.84918,0.0554962
28.5969,4.02929,0.0566971
28.7399,3.99161,0.0563291
28.8836,3.95105,0.0559078
29.028,3.99962,0.0560997
29.1732,3.88699,0.0552201
29.319,3.89895,0.0552013
29.4656,3.90305,0.0551052
29.613,3.99877,0.0556496
29.761,4.12277,0.0563763
29.9098,4.0767,0.0559094
30.0594,4.02734,0.0554856
30.2097,4.01926,0.0553009
30.3607,3.97608,0.0549183
30.5125,4.09719,0.0555822
30.6651,4.00926,0.0548823
30.8184,4.06848,0.0551956
30.9725,4.12299,0.0554222
31.1274,4.13334,0.0553682
31.283,4.08782,0.0549544
31.4394,4.13572,0.05515
31.5966,4.20086,0.0554455
31.7546,4.14784,0.0549956
31.9134,4.09062,0.0545004
32.0729,4.1836,0.055032
32.2333,4.1986,0.0550194
32.3945,4.31548,0.0556286
32.5564,4.19341,0.0547467
32.7192,4.18151,0.05456
32.8828,4.23599,0.0547785
33.0472,4.29423,0.0550616
33.2125,4.26755,0.0547618
33.3785,4.27032,0.0546761
33.5454,4.29605,0.0547218
33.7132,4.19157,0.0539501
33.8817,4.32455,0.054685
34.0511,4.3406,0.0546169
34.2214,4.34708,0.0545626
34.3925,4.35959,0.0545337
34.5645,4.35371,0.0543627
34.7373,4.44713,0.0548069
34.911,4.32713,0.053983
35.0855,4.38008,0.0541783
35.2609,4.36909,0.0540067
35.4373,4.43802,0.0543298
35.6144,4.38668,0.0538318
35.7925,4.39623,0.053772
35.9715,4.48085,0.0542088
36.1513,4.39446,0.053586
36.3321,4.40771,0.0535448
36.5137,4.45262,0.0537166
36.6963,4.52747,0.0540111
36.8798,4.48194,0.0536321
37.0642,4.582,0.0541349
37.2495,4.52108,0.053657
37.4358,4.50557,0.0534291
37.6229,4.61536,0.0539651
37.8111,4.51462,0.0532386
38.0001,4.50824,0.0530936
38.1901,4.51635,0.0529988
38.3811,4.64066,0.0536202
38.573,4.61311,0.0533556
38.7658,4.69529,0.0537112
38.9597,4.6064,0.0530834
39.1545,4.65763,0.0532955
39.3502,4.70345,0.0534109
39.547,4.64077,0.0529341
39.7447,4.65297,0.0529171
39.9434,4.75554,0.0533679
40.1432,4.72409,0.0530745
40.3439,4.73025,0.0529949
40.5456,4.68313,0.0526487
40.7483,4.63104,0.0522318
40.9521,4.69759,0.052498
41.1568,4.70289,0.0523884
41.3626,4.73281,0.0524713
41.5694,4.80492,0.0527653
41.7773,4.74782,0.052293
41.9862,4.68977,0.0518787
42.1961,4.82105,0.0524976
42.4071,4.88573,0.0527353
42.6191,4.73511,0.0517684
42.8322,4.87783,0.0524685
43.0464,4.75616,0.0516943
43.2616,4.81786,0.0518971
43.4779,4.8003,0.0517223
43.6953,4.85659,0.0519198
43.9138,4.8317,0.0516731
44.1333,4.8927,0.051904
44.354,4.82295,0.0514133
44.5758,4.83318,0.0513533
44.7987,4.80444,0.0511035
45.0226,4.83359,0.0511632
45.2478,4.90315,0.0514298
45.474,4.96663,0.0516444
45.7014,4.87283,0.0510458
45.9299,4.77995,0.0504343
46.1595,4.91988,0.0510935
46.3903,5.00906,0.0514518
46.6223,4.90284,0.0508063
46.8554,4.96144,0.0510218
47.0897,4.85714,0.0503475
47.3251,4.99394,0.0509691
47.5617,4.88955,0.050359
47.7995,4.98771,0.0507525
48.0385,4.98392,0.0506066
48.2787,4.91587,0.0501856
48.5201,5.05878,0.0508042
48.7627,4.99352,0.0503712
49.0065,5.03276,0.0504911
49.2516,5.0192,0.050324
49.4978,5.04916,0.0503662
49.7453,4.98855,0.0499526
49.994,4.98102,0.0498476
50.244,4.96779,0.0496879
50.4952,5.0337,0.0499161
50.7477,5.04373,0.0499015
51.0015,5.07019,0.0499062
51.2565,5.0598,0.0497918
51.5127,5.01859,0.0494952
51.7703,5.12982,0.0499537
52.0292,5.10665,0.0497529
52.2893,5.11296,0.0496942
52.5507,5.00337,0.0490528
52.8135,5.05011,0.049198
53.0776,5.0917,0.0493278
53.343,5.10004,0.049302
53.6097,5.06906,0.0490574
53.8777,5.08219,0.0490469
54.1471,5.09269,0.0489972
54.4178,5.09296,0.0489129
54.6899,5.11764,0.0489652
54.9634,5.18552,0.049191
55.2382,5.16286,0.0490212
55.5144,5.17415,0.0489906
55.792,5.10389,0.0485702
56.0709,5.10068,0.0484923
56.3513,5.11086,0.0484544
56.633,5.10638,0.048369
56.9162,5.14397,0.0484599
57.2008,5.19514,0.0486045
57.4868,5.1951,0.0485395
57.7742,5.10007,0.0480378
58.0631,5.09128,0.0479242
58.3534,5.23225,0.0484829
58.6452,5.28301,0.0486515
58.9384,5.19388,0.0481588
59.2331,5.24584,0.0483324
59.5293,5.15568,0.0478183
59.8269,5.13984,0.0476782
60.126,5.22506,0.0479966
60.4267,5.1974,0.0477723
60.7288,5.20766,0.0477382
61.0324,5.25848,0.047899
61.3376,5.2943,0.0479789
61.6443,5.24151,0.0476745
61.9525,5.29406,0.04783
62.2623,5.31255,0.0478515
62.5736,5.27686,0.0476
62.8865,5.38876,0.0480424
63.2009,5.31451,0.0476343
63.5169,5.37667,0.0478394
63.8345,5.32089,0.0475146
64.1537,5.32588,0.047487
64.4744,5.37616,0.0476371
64.7968,5.28707,0.0471771
65.1208,5.43094,0.047746
65.4464,5.31553,0.0471635
65.7736,5.38701,0.0474311
66.1025,5.30695,0.0469928
66.433,5.34751,0.0471146
66.7652,5.42514,0.047389
67.099,5.41458,0.0472825
67.4345,5.44224,0.0473474
67.7716,5.52299,0.0476313
68.1105,5.4529,0.0472584
68.4511,5.43539,0.0471303
68.7933,5.49565,0.0473357
69.1373,5.47778,0.0472011
69.483,5.49798,0.0472539
69.8304,5.49945,0.0471745
70.1795,5.49156,0.047088
70.5304,5.57259,0.047396
70.8831,5.60051,0.0474441
71.2375,5.59733,0.0473928
71.5937,5.51534,0.0469739
71.9517,5.53227,0.0469989
72.3114,5.64359,0.047413
72.673,5.70308,0.0476072
73.0363,5.63372,0.04725
73.4015,5.62836,0.0471747
73.7685,5.55048,0.0467699
74.1374,5.63808,0.0471084
74.5081,5.68135,0.0472067
74.8806,5.54642,0.0466031
75.255,5.63507,0.046907
75.6313,5.73357,0.0472333
76.0094,5.66429,0.046902
76.3895,5.63421,0.0467277
76.7714,5.70568,0.0469351
77.1553,5.61983,0.04652
77.5411,5.64305,0.0465523
77.9288,5.68592,0.0466593
78.3184,5.59838,0.0462573
78.71,5.61001,0.0462235
79.1035,5.7597,0.0467598
79.4991,5.64288,0.0462198
79.8966,5.64373,0.0461664
80.296,5.63753,0.0460837
80.6975,5.63019,0.045978
81.101,5.67221,0.0460939
81.5065,5.64297,0.0459154
81.9141,5.658,0.0459305
82.3236,5.61346,0.0457048
82.7352,5.71151,0.0460193
83.1489,5.61144,0.045567
83.5647,5.69662,0.0458559
83.9825,5.62048,0.0454827
84.4024,5.55239,0.045155
84.8244,5.64038,0.0454629
85.2485,5.66635,0.045507
85.6748,5.70944,0.0456284
86.1031,5.6861,0.0454976
86.5337,5.67528,0.0453809
86.9663,5.69983,0.0454407
87.4012,5.69854,0.0453681
87.8382,5.6197,0.0450085
88.2774,5.6333,0.0450098
88.7187,5.62408,0.0449101
89.1623,5.65137,0.0449689
89.6082,5.55465,0.0445107
90.0562,5.64738,0.0448119
90.5065,5.56357,0.0444182
90.959,5.66755,0.0447711
91.4138,5.67943,0.0447509
91.8709,5.59241,0.0443318
92.3302,5.59009,0.0442639
92.7919,5.59461,0.0442195
93.2558,5.63774,0.0443162
93.7221,5.55034,0.0438951
94.1907,5.62626,0.0441543
94.6617,5.51855,0.0436572
95.135,5.68242,0.0442384
95.6107,5.52979,0.0435747
96.0887,5.48704,0.0433494
96.5692,5.54446,0.0435296
97.052,5.56161,0.0435287
97.5373,5.57501,0.0435182
98.0249,5.58189,0.0434693
98.5151,5.4745,0.0430001
99.0076,5.52299,0.0431152
99.5027,5.43701,0.0427226
100,5.45174,0.0427264
100.5,5.4818,0.0427828
101.003,5.44541,0.0425728
101.508,5.4768,0.0426278
102.015,5.4521,0.0424614
102.525,5.38142,0.0421381
103.038,5.38978,0.0421239
103.553,5.30785,0.0417406
104.071,5.40281,0.0420732
104.591,5.28264,0.0415524
105.114,5.41249,0.042004
105.64,5.2879,0.0414701
106.168,5.30205,0.0414618
106.699,5.2109,0.0410793
107.232,5.32498,0.0414423
107.768,5.20376,0.0409335
108.307,5.2044,0.0408921
108.849,5.29439,0.0412051
109.393,5.19783,0.0407923
109.94,5.22612,0.04086
110.49,5.27235,0.0409863
111.042,5.18117,0.0405929
111.597,5.09652,0.0402079
112.155,5.08424,0.0401286
112.716,5.05708,0.0399811
113.28,5.04939,0.0399199
113.846,4.96797,0.0395515
114.415,4.99104,0.0396157
114.987,4.97611,0.0395303
115.562,5.01911,0.0396688
116.14,4.92555,0.0392666
116.721,4.92891,0.039257
117.305,4.87509,0.0390185
117.891,4.79026,0.0386504
118.481,4.74279,0.0384304
119.073,4.84528,0.038824
119.668,4.8329,0.0387502
120.267,4.7346,0.0383401
120.868,4.73698,0.0383178
121.472,4.74635,0.0383377
122.08,4.67811,0.0380392
122.69,4.69841,0.0380977
123.304,4.66251,0.0379189
123.92,4.57904,0.0375759
124.54,4.51774,0.0372914
125.162,4.52641,0.03731
125.788,4.45065,0.0369707
126.417,4.44468,0.0369292
127.049,4.42651,0.0368311
127.684,4.42054,0.0367696
128.323,4.31178,0.0363103
128.964,4.3899,0.0366083
129.609,4.31443,0.0362578
130.257,4.27848,0.0360902
130.909,4.21842,0.0358112
131.563,4.1817,0.035626
132.221,4.20351,0.0357013
132.882,4.16344,0.0355155
133.546,4.11233,0.0352625
134.214,4.13481,0.0353416
134.885,4.03055,0.0348679
135.56,4.03964,0.0348912
136.238,4.00466,0.0347139
136.919,4.03921,0.0348228
137.603,4.03797,0.0347993
138.291,3.98249,0.0345432
138.983,3.95209,0.0343925
139.678,4.01677,0.0346478
140.376,3.96927,0.0344335
141.078,4.04696,0.0347353
141.783,3.98164,0.0344474
142.492,3.97896,0.0344116
143.205,4.01507,0.0345445
143.921,4.06498,0.0347516
144.64,4.04978,0.0346633
145.364,4.14569,0.0350544
146.09,4.1482,0.0350394
146.821,4.16531,0.0351002
147.555,4.15615,0.0350376
148.293,4.30203,0.0356426
149.034,4.28329,0.0355273
149.779,4.24508,0.0353588
150.528,4.29064,0.0355364
151.281,4.40134,0.0359622
152.037,4.34915,0.035741
152.797,4.34163,0.0356803
153.561,4.39182,0.0358715
154.329,4.41896,0.0359674
155.101,4.50934,0.0363254
155.876,4.44722,0.036047
156.656,4.46643,0.0361243
157.439,4.51811,0.0363123
158.226,4.59636,0.0366276
159.017,4.46518,0.0360833
159.812,4.4739,0.0361056
160.612,4.50165,0.0362176
161.415,4.47303,0.0360991
162.222,4.55709,0.0364298
163.033,4.5516,0.0364049
163.848,4.52676,0.0363051
164.667,4.54052,0.0363512
165.491,4.38296,0.0357072
166.318,4.4044,0.0358004
167.15,4.361,0.0356366
167.985,4.36854,0.0356656
168.825,4.25487,0.0351948
169.669,4.31303,0.0354347
170.518,4.28231,0.0353122
171.37,4.243,0.0351467
172.227,4.15552,0.0347813
173.088,4.21041,0.0350142
173.954,4.12102,0.0346431
174.823,4.10857,0.0345834
175.698,4.07031,0.0344232
176.576,3.96327,0.0339687
177.459,3.95707,0.0339443
178.346,3.93272,0.0338321
179.238,3.82542,0.0333659
180.134,3.80786,0.0332889
181.035,3.812,0.0332992
181.94,3.75758,0.0330537
182.85,3.79438,0.033221
183.764,3.72249,0.0328918
184.683,3.69257,0.0327645
185.606,3.64407,0.0325471
186.534,3.63223,0.0324915
187.467,3.5621,0.0321784
188.404,3.51039,0.0319406
189.346,3.52121,0.031984
190.293,3.51533,0.0319449
191.244,3.48009,0.0317973
192.201,3.44265,0.031615
193.162,3.41884,0.0315089
194.128,3.39995,0.0314147
195.098,3.34665,0.031164
196.074,3.32195,0.0310523
197.054,3.33311,0.0310959
198.039,3.35259,0.0311832
199.029,3.36639,0.0312456
200.025,3.31824,0.031014
201.025,3.32484,0.0310472
202.03,3.32611,0.0310521
203.04,3.36145,0.0312074
204.055,3.37193,0.0312706
205.075,3.38814,0.0313393
206.101,3.39813,0.0313766
207.131,3.41807,0.0314719
208.167,3.47278,0.0317168
209.208,3.55082,0.0320776
210.254,3.60983,0.0323524
211.305,3.63687,0.032487
212.362,3.75179,0.0329971
213.424,3.84365,0.0334061
214.491,3.88491,0.0335761
215.563,4.01966,0.0341703
216.641,4.15956,0.0347725
217.724,4.32256,0.0354687
218.813,4.41146,0.0358295
219.907,4.57208,0.0364991
221.006,4.73541,0.0371413
222.111,4.81777,0.0374825
223.222,4.96229,0.0380375
224.338,5.14639,0.0387577
225.46,5.22003,0.0390359
226.587,5.40016,0.0397086
227.72,5.46333,0.039934
228.859,5.55404,0.040275
230.003,5.67919,0.0407146
231.153,5.67683,0.0407017
232.309,5.8638,0.041359
233.47,5.8019,0.0411242
234.638,5.76073,0.0409684
235.811,5.75834,0.0409645
236.99,5.71547,0.0408113
238.175,5.66386,0.0406214
239.366,5.70188,0.0407705
240.562,5.62811,0.040495
241.765,5.65709,0.0406001
242.974,5.407,0.0397
244.189,5.41928,0.0397556
245.41,5.30358,0.0393262
246.637,5.17521,0.0388595
247.87,5.12882,0.0387001
249.109,4.92815,0.0379334
250.355,4.83546,0.0375991
251.607,4.80832,0.0374923
252.865,4.6823,0.0369959
254.129,4.55316,0.0364847
255.4,4.42268,0.0359616
256.677,4.3981,0.0358765
257.96,4.26118,0.0353141
259.25,4.20964,0.0351123
260.546,4.14448,0.0348388
261.849,4.02732,0.0343506
263.158,4.01633,0.0343148
264.474,3.87876,0.0337219
265.796,3.89248,0.0337875
267.125,3.83514,0.033542
268.461,3.81567,0.0334745
269.803,3.7161,0.0330513
271.152,3.71203,0.0330421
272.508,3.6922,0.032958
273.871,3.6956,0.0329839
275.24,3.70354,0.0330413
276.616,3.73116,0.0331949
277.999,3.73237,0.0331966
279.389,3.71424,0.0331472
280.786,3.7461,0.0332991
282.19,3.75894,0.0333801
283.601,3.75223,0.0333601
285.019,3.84334,0.0337826
286.444,3.81217,0.0336633
287.876,3.742,0.0333914
289.316,3.78559,0.0336088
290.762,3.69974,0.0332546
292.216,3.71435,0.0333449
293.677,3.71376,0.0333827
295.146,3.62575,0.0329971
296.621,3.58594,0.0328489
298.104,3.51089,0.0325259
299.595,3.54905,0.0327288
301.093,3.47364,0.032406
302.598,3.48014,0.0324668
304.111,3.50903,0.0326458
305.632,3.44354,0.0323589
307.16,3.4938,0.0326365
308.696,3.51287,0.0327504
310.239,3.55253,0.03299
311.791,3.52764,0.0328946
313.35,3.54781,0.0330346
314.916,3.65382,0.0335691
316.491,3.63227,0.0335074
318.073,3.71294,0.0339093
319.664,3.81195,0.0344133
321.262,3.88214,0.0347653
322.868,3.86594,0.0347492
324.483,3.93407,0.0350984
326.105,3.99748,0.0354305
327.736,4.04005,0.0356599
329.374,4.00407,0.0355672
331.021,3.95081,0.0353751
332.676,3.90635,0.0352239
334.34,3.94259,0.0354302
336.011,3.86981,0.0351374
337.691,3.80394,0.0348744
339.38,3.6535,0.0342145
341.077,3.60657,0.0340318
342.782,3.51406,0.0336336
344.496,3.47535,0.0334845
346.218,3.49846,0.0336459
347.95,3.41652,0.0333026
349.689,3.36218,0.0330617
351.438,3.25905,0.032594
353.195,3.1245,0.0319619
354.961,3.0946,0.0318579
356.736,3.05072,0.0316666
358.519,2.95558,0.0312078
360.312,2.9366,0.0311508
362.114,2.8317,0.0306343
363.924,2.80037,0.0305
365.744,2.77093,0.030381
367.572,2.74817,0.0303041
369.41,2.72656,0.0302212
371.257,2.70285,0.0301358
373.114,2.6669,0.0299905
374.979,2.6629,0.030018
376.854,2.6323,0.0298876
378.738,2.64755,0.0300144
380.632,2.68556,0.0302821
382.535,2.65904,0.0301947
384.448,2.65716,0.0302208
386.37,2.61277,0.0300173
388.302,2.61215,0.03006
390.244,2.61291,0.0301103
392.195,2.56732,0.0298995
394.156,2.58664,0.0300649
396.127,2.59493,0.0301614
398.107,2.50639,0.0296935
400.098,2.5565,0.0300284
402.098,2.50046,0.0297552
404.109,2.50665,0.0298378
406.129,2.54423,0.0301045
408.16,2.47286,0.0297417
410.201,2.39678,0.0293289
412.252,2.44536,0.0296957
414.313,2.4401,0.0297023
416.384,2.47885,0.0300035
418.466,2.44854,0.0298836
420.559,2.39694,0.0296119
422.662,2.37811,0.0295508
424.775,2.3627,0.0295274
426.899,2.36355,0.0295847
429.033,2.38821,0.0297986
431.178,2.3853,0.0298351
433.334,2.36858,0.0297938
435.501,2.37839,0.029913
437.678,2.43909,0.0303545
439.867,2.40276,0.0301793
442.066,2.41267,0.030303
444.276,2.41762,0.0303933
446.498,2.42248,0.0304725
448.73,2.44148,0.0306426
450.974,2.46066,0.0308287
453.229,2.49,0.0310983
455.495,2.60359,0.0318686
457.773,2.72437,0.0326634
460.061,2.82685,0.0333503
462.362,2.86632,0.0336453
464.673,2.88449,0.0338402
466.997,2.93316,0.0342004
469.332,2.87425,0.0339265
471.679,2.88872,0.0340803
474.037,2.91019,0.034291
476.407,2.96917,0.0347283
478.789,3.04437,0.0352342
481.183,3.12395,0.035774
483.589,3.20269,0.0362926
486.007,3.26282,0.0366937
488.437,3.25199,0.0367411
490.879,3.09941,0.0359402
493.334,2.92409,0.0349898
495.8,2.7967,0.0343174
498.279,2.6411,0.033423
500.771,2.55839,0.0329676
503.274,2.47721,0.0325252
505.791,2.38474,0.0319774
508.32,2.32485,0.0316611
510.861,2.2562,0.0312708
513.416,2.24945,0.0312849
515.983,2.31968,0.031863
518.563,2.24408,0.0314028
521.155,2.23374,0.0314104
523.761,2.17604,0.0310971
526.38,2.20184,0.0313486
529.012,2.15522,0.0311196
531.657,2.1547,0.0311907
534.315,2.21009,0.0316695
536.987,2.1389,0.0312552
539.672,2.13747,0.0313222
542.37,2.09292,0.0310886
545.082,2.05791,0.0309145
547.807,2.0551,0.0309674
550.546,2.07575,0.0312063
553.299,2.07503,0.031283
556.066,2.06214,0.0312755
558.846,2.02457,0.031063
561.64,2.0354,0.0312449