X_cm-1,subtracted_Y,subtracted_E
-20.1034000000,0.509737700000,0.0354292252773
-19.9824000000,0.641493130000,0.0396425994984
-19.8614000000,0.473599650000,0.0339082149165
-19.7404000000,0.823945460000,0.0449786460926
-19.6194000000,0.596560160000,0.0383140628980
-19.4985000000,0.645237790000,0.0398227177999
-19.3775000000,0.856490560000,0.0456575212443
-19.2565000000,0.790805270000,0.0439333944088
-19.1355000000,0.576388180000,0.0375119782658
-19.0145000000,0.290779380000,0.0267688394390
-18.8935000000,0.333347800000,0.0286307115735
-18.7726000000,0.358583400000,0.0300334052555
-18.6516000000,0.450434440000,0.0332772044842
-18.5306000000,0.416644070000,0.0320776411537
-18.4096000000,0.446027200000,0.0332209844564
-18.2886000000,0.525366730000,0.0360203083329
-18.1676000000,0.356443100000,0.0303561503920
-18.0467000000,0.379381700000,0.0325989296820
-17.9257000000,0.338974300000,0.0294320270536
-17.8047000000,0.462589700000,0.0341192126300
-17.6837000000,0.490186180000,0.0347775471855
-17.5627000000,0.446662140000,0.0332555327007
-17.4417000000,0.403941540000,0.0317173953827
-17.3208000000,0.269705900000,0.0269007543774
-17.1998000000,0.454223600000,0.0339570640021
-17.0788000000,0.418179700000,0.0329898887115
-16.9578000000,0.293602800000,0.0277048449908
-16.8368000000,0.272362300000,0.0264894591500
-16.7158000000,0.286857000000,0.0279530842599
-16.5949000000,0.423014100000,0.0344078276045
-16.4739000000,0.454148500000,0.0356139233432
-16.3529000000,0.426719000000,0.0353867985859
-16.2319000000,0.317481700000,0.0313417038831
-16.1109000000,0.342455900000,0.0316126068603
-15.9899000000,0.453914500000,0.0350402991734
-15.8690000000,0.332743800000,0.0304658441776
-15.7480000000,0.631704500000,0.0419830130101
-15.6270000000,0.586733500000,0.0403123443214
-15.5060000000,0.420572800000,0.0348971104558
-15.3850000000,0.656243600000,0.0425099241543
-15.2640000000,0.503851500000,0.0374373737950
-15.1431000000,0.471736700000,0.0362179326399
-15.0221000000,0.383738900000,0.0332388203541
-14.9011000000,0.478275600000,0.0367252449992
-14.7801000000,0.456620100000,0.0354289753745
-14.6591000000,0.574421400000,0.0393377136057
-14.5381000000,0.460744600000,0.0358385963521
-14.4172000000,0.669035900000,0.0419446977789
-14.2962000000,0.530857900000,0.0377700302943
-14.1752000000,0.539768200000,0.0383852906037
-14.0542000000,0.574381600000,0.0394796440228
-13.9332000000,0.672858600000,0.0424591421863
-13.8122000000,0.777941600000,0.0459548239923
-13.6913000000,0.683974400000,0.0433151517428
-13.5703000000,0.686943700000,0.0434813136342
-13.4493000000,0.726074800000,0.0455020039751
-13.3283000000,0.723918000000,0.0451801378160
-13.2073000000,0.697375700000,0.0442495252155
-13.0863000000,0.724171800000,0.0455121875424
-12.9654000000,0.750070500000,0.0455636234274
-12.8444000000,0.832373700000,0.0480159453136
-12.7234000000,0.836571700000,0.0484532295468
-12.6024000000,0.908139300000,0.0503145817065
-12.4814000000,0.797244800000,0.0473700478637
-12.3604000000,0.811378900000,0.0477236790016
-12.2395000000,0.872426500000,0.0493507194855
-12.1185000000,0.908212900000,0.0501287064757
-11.9975000000,0.937757400000,0.0514579654918
-11.8765000000,1.00030990000,0.0526663803239
-11.7555000000,1.08192350000,0.0545116766864
-11.6345000000,0.965329300000,0.0514286301629
-11.5136000000,1.02353170000,0.0530744083332
-11.3926000000,1.25261700000,0.0584444576461
-11.2716000000,1.04154170000,0.0536221310875
-11.1506000000,1.24154760000,0.0582443302613
-11.0296000000,1.10446360000,0.0551778906541
-10.9086000000,1.15433230000,0.0561526534765
-10.7877000000,1.10585560000,0.0551437258061
-10.6667000000,1.23209390000,0.0576825415283
-10.5457000000,1.16792430000,0.0563349377786
-10.4247000000,1.04873120000,0.0539237413575
-10.3037000000,1.31952470000,0.0598389214336
-10.1828000000,1.26904500000,0.0588242998632
-10.0618000000,1.31111140000,0.0597965019443
-9.94078000000,1.35858670000,0.0608403479276
-9.81980000000,1.44410020000,0.0625824975620
-9.69882000000,1.46096730000,0.0631388258614
-9.57783000000,1.53630480000,0.0649319232407
-9.45685000000,1.48804510000,0.0636293184010
-9.33587000000,1.46200050000,0.0632219721399
-9.21488000000,1.36422760000,0.0611472414182
-9.09390000000,1.58846980000,0.0658874583845
-8.97292000000,1.58969470000,0.0657687277106
-8.85194000000,1.63391920000,0.0670168929292
-8.73095000000,1.59142270000,0.0659395137608
-8.60997000000,1.58998290000,0.0660400734052
-8.48899000000,1.79226380000,0.0699773843715
-8.36800000000,1.82466620000,0.0705474898699
-8.24702000000,1.73619250000,0.0693676360557
-8.12604000000,1.85292160000,0.0712121129244
-8.00505000000,1.83978160000,0.0710053016267
-7.88407000000,1.87450350000,0.0716594545795
-7.76309000000,1.94088240000,0.0728800151026
-7.64210000000,2.05579400000,0.0748214528432
-7.52112000000,2.06640530000,0.0750445572203
-7.40014000000,2.29225850000,0.0791961566031
-7.27915000000,2.25439090000,0.0784159821211
-7.15817000000,2.25608260000,0.0783827559460
-7.03719000000,2.30592820000,0.0796515264156
-6.91620000000,2.37348140000,0.0807191306421
-6.79522000000,2.34888760000,0.0801373243426
-6.67424000000,2.49778360000,0.0828097800674
-6.55326000000,2.56684170000,0.0839660067563
-6.43227000000,2.56663440000,0.0840281127629
-6.31129000000,2.78484710000,0.0874270910961
-6.19031000000,2.67605150000,0.0856012066490
-6.06932000000,2.80665930000,0.0878648569940
-5.94834000000,2.96345880000,0.0901501842916
-5.82736000000,3.11977010000,0.0923253556569
-5.70637000000,3.22375160000,0.0939270545417
-5.58539000000,3.25391590000,0.0942496324230
-5.46441000000,3.26735800000,0.0946484020950
-5.34342000000,3.50008400000,0.0978012516089
-5.22244000000,3.70962200000,0.100696433098
-5.10146000000,3.78550400000,0.101799360179
-4.98047000000,4.15830800000,0.106649700879
-4.85949000000,4.01544200000,0.104953529699
-4.73851000000,4.68868500000,0.112988371781
-4.61752000000,4.73514500000,0.113708025688
-4.49654000000,5.31068500000,0.120826056929
-4.37556000000,5.67598200000,0.124869412393
-4.25457000000,6.11191600000,0.129708462994
-4.13359000000,7.32128500000,0.141476734801
-4.01261000000,8.07497000000,0.148948066741
-3.89163000000,9.39741600000,0.160898350999
-3.77064000000,10.7833510000,0.172846783983
-3.64966000000,12.3537170000,0.185789324352
-3.52868000000,14.5902100000,0.202039314511
-3.40769000000,17.0992700000,0.219370279101
-3.28671000000,20.9837700000,0.243345362859
-3.16573000000,24.8040500000,0.264330315618
-3.04474000000,30.8661500000,0.294406723163
-2.92376000000,37.4574000000,0.323993219721
-2.80278000000,47.5293500000,0.364332124907
-2.68179000000,58.0665700000,0.401620931706
-2.56081000000,71.3648500000,0.444291029908
-2.43983000000,88.8687200000,0.494530839286
-2.31884000000,108.152800000,0.544453708790
-2.19786000000,131.703310000,0.600583940506
-2.07688000000,157.097170000,0.655631825583
-1.95589000000,185.379940000,0.713092721060
-1.83491000000,215.273930000,0.768667994923
-1.71393000000,247.793440000,0.825870539025
-1.59295000000,280.994380000,0.880150838460
-1.47196000000,316.042460000,0.935215417583
-1.35098000000,356.770300000,0.994939525425
-1.23000000000,400.683720000,1.05695122446
-1.10901000000,447.508560000,1.11940111851
-0.988029000000,494.437480000,1.17975558597
-0.867046000000,531.337870000,1.22543519738
-0.746063000000,565.855210000,1.26797763530
-0.625080000000,587.545660000,1.29431203935
-0.504097000000,597.373840000,1.30525752954
-0.383113000000,595.018540000,1.30332529580
-0.262130000000,582.003670000,1.28894295473
-0.141147000000,561.030690000,1.26621502726
-0.0201639000000,537.653960000,1.24089159266
0.100819000000,510.181580000,1.20930551789
0.221802000000,478.990730000,1.17366721513
0.342786000000,440.579050000,1.12702070598
0.463769000000,397.609000000,1.07131608710
0.584752000000,355.501880000,1.01412267199
0.705735000000,311.270440000,0.949987988910
0.826718000000,266.705050000,0.880985807744
0.947701000000,222.099820000,0.805374984376
1.06868000000,179.839350000,0.726544804623
1.18967000000,142.279380000,0.648570589435
1.31065000000,109.372340000,0.571365125676
1.43163000000,80.2624700000,0.493064673029
1.55262000000,57.7871900000,0.423857435304
1.67360000000,41.2355800000,0.364593277127
1.79458000000,28.2599400000,0.310287088814
1.91557000000,19.4970300000,0.268246655434
2.03655000000,13.4928500000,0.236328553273
2.15753000000,9.04113000000,0.210367081088
2.27852000000,6.43579000000,0.193743272202
2.39950000000,5.03152000000,0.183835765538
2.52048000000,4.00708000000,0.176202003640
2.64147000000,3.24623000000,0.169967989411
2.76245000000,3.16019000000,0.169087845682
2.88343000000,3.21569000000,0.167773197526
3.00442000000,3.00751000000,0.163913750997
3.12540000000,3.61559000000,0.165192628845
3.24638000000,3.46508000000,0.160552792222
3.36736000000,3.78140000000,0.159706755540
3.48835000000,3.91936000000,0.159005078595
3.60933000000,4.06116000000,0.158386015787
3.73031000000,4.07067000000,0.156447221837
3.85130000000,4.08281000000,0.156127053910
3.97228000000,3.97277000000,0.152808684508
4.09326000000,3.90946000000,0.150727614814
4.21425000000,3.69897000000,0.146668343206
4.33523000000,3.57868000000,0.142737062791
4.45621000000,3.57724000000,0.140492226244
4.57720000000,3.69090000000,0.139463999774
4.69818000000,3.51107000000,0.135879175311
4.81916000000,3.73072000000,0.136358317372
4.94015000000,3.78505000000,0.134160155717
5.06113000000,3.83948000000,0.133629810900
5.18211000000,3.85133000000,0.132290950957
5.30310000000,4.12201000000,0.133403400467
5.42408000000,4.12424000000,0.132070642943
5.54506000000,4.30255000000,0.132706491269
5.66605000000,4.06896000000,0.128983498108
5.78703000000,4.22717000000,0.129896464134
5.90801000000,3.98734000000,0.126791675149
6.02899000000,4.08876000000,0.127450457405
6.14998000000,4.26820000000,0.128601426584
6.27096000000,4.83237000000,0.134824878812
6.39194000000,5.07541000000,0.136479906244
6.51293000000,5.69503000000,0.142651845355
6.63391000000,5.84461000000,0.144017357394
6.75489000000,6.32349000000,0.148348498599
6.87588000000,5.87218000000,0.143386901212
6.99686000000,5.72049000000,0.142144452252
7.11784000000,4.90982000000,0.134333027700
7.23883000000,4.31934000000,0.127834566813
7.35981000000,3.80924000000,0.122544799371
7.48079000000,3.74911000000,0.120868278085
7.60178000000,3.08492000000,0.113023172229
7.72276000000,2.85639000000,0.109894901708
7.84374000000,2.90994000000,0.110993311823
7.96473000000,2.59144000000,0.106845061121
8.08571000000,2.53609000000,0.105611585484
8.20669000000,2.33559000000,0.101644929274
8.32767000000,2.43092000000,0.102842790683
8.44866000000,2.31717700000,0.0995045207477
8.56964000000,2.40712300000,0.0998322907473
8.69062000000,2.22640100000,0.0964788194839
8.81161000000,2.20734400000,0.0944239414897
8.93259000000,2.12699100000,0.0926131290357
9.05357000000,2.04568900000,0.0900376038245
9.17456000000,1.99497000000,0.0887379355976
9.29554000000,2.03019500000,0.0884838771091
9.41652000000,2.00580800000,0.0877143163175
9.53751000000,1.88034200000,0.0850216959422
9.65849000000,2.10090300000,0.0882950007047
9.77947000000,1.93670200000,0.0852512606218
9.90046000000,2.15938600000,0.0884330660179
10.0214000000,1.91230000000,0.0834046179216
10.1424000000,1.94867700000,0.0836073223229
10.2634000000,1.92517900000,0.0831843097438
10.3844000000,1.98776800000,0.0836031581349
10.5054000000,1.95245300000,0.0829881880446
10.6264000000,1.85587000000,0.0814495348655
10.7473000000,1.98231400000,0.0837232280745
10.8683000000,1.87753600000,0.0815653471543
10.9893000000,1.96439400000,0.0833553225719
11.1103000000,1.94631500000,0.0830473612288
11.2313000000,1.95931000000,0.0831206710512
11.3523000000,1.77143100000,0.0795148055639
11.4732000000,1.86935100000,0.0810393642477
11.5942000000,1.93693200000,0.0826191213969
11.7152000000,1.86892600000,0.0810068444229
11.8362000000,1.92175500000,0.0820121391948
11.9572000000,2.04106200000,0.0838005209648
12.0782000000,1.89694700000,0.0813387372077
12.1991000000,2.02560800000,0.0837298317779
12.3201000000,2.10126600000,0.0851703935703
12.4411000000,1.85725100000,0.0807955238513
12.5621000000,2.11056500000,0.0850903350922
12.6831000000,2.03345400000,0.0839497689562
12.8041000000,1.98928600000,0.0836842741602
12.9250000000,2.14817500000,0.0862801240989
13.0460000000,2.05510500000,0.0846337631164
13.1670000000,2.00199100000,0.0831519686887
13.2880000000,1.93405900000,0.0822710118097
13.4090000000,2.10741300000,0.0853436879518
13.5300000000,2.21054900000,0.0869422476582
13.6509000000,2.22730100000,0.0875345810589
13.7719000000,2.18044200000,0.0866506419201
13.8929000000,2.10126400000,0.0848506176652
14.0139000000,2.08465600000,0.0846070016201
14.1349000000,2.34478600000,0.0893087446037
14.2559000000,2.32034700000,0.0888928751612
14.3768000000,2.20402500000,0.0865044691101
14.4978000000,2.26994000000,0.0881416617084
14.6188000000,2.12740800000,0.0851539956537
14.7398000000,2.25207500000,0.0873601830261
14.8608000000,2.23976700000,0.0868862763079
14.9817000000,2.27122500000,0.0873840366196
15.1027000000,2.30852200000,0.0881270348393
15.2237000000,2.24070500000,0.0872381283761
15.3447000000,2.27334800000,0.0876831159965
15.4657000000,2.35211680000,0.0890287514964
15.5867000000,2.29905260000,0.0880542058911
15.7076000000,2.34944580000,0.0887285907451
15.8286000000,2.28918780000,0.0876977596560
15.9496000000,2.45030600000,0.0910551442909
16.0706000000,2.40921330000,0.0900145623851
16.1916000000,2.44279230000,0.0907661960388
16.3126000000,2.40603520000,0.0900705094064
16.4335000000,2.35724110000,0.0893217548599
16.5545000000,2.38452440000,0.0896728958345
16.6755000000,2.37333240000,0.0894203390045
16.7965000000,2.40279070000,0.0902913415875
16.9175000000,2.44126080000,0.0910063125901
17.0385000000,2.42535780000,0.0907089947804
17.1594000000,2.55618670000,0.0930671256797
17.2804000000,2.49257570000,0.0919390170267
17.4014000000,2.79170790000,0.0970840625146
17.5224000000,2.55167260000,0.0929993137325
17.6434000000,2.46659430000,0.0914941387180
17.7644000000,2.63760280000,0.0946070848005
17.8853000000,2.67881720000,0.0955089852112
18.0063000000,2.61991020000,0.0942786820453
18.1273000000,2.64492620000,0.0949480546090
18.2483000000,2.66651260000,0.0953627530815
18.3693000000,2.64543110000,0.0948790221506
18.4903000000,2.74387610000,0.0969467560356
18.6112000000,2.70909750000,0.0960115985090
18.7322000000,2.81637770000,0.0982591966307
18.8532000000,2.65608300000,0.0950967554976
18.9742000000,2.72874370000,0.0966230502291
19.0952000000,2.69801100000,0.0962004804760
19.2162000000,2.94788080000,0.100355517093
19.3371000000,2.88118480000,0.0994111947204
19.4581000000,2.87285890000,0.0992694098424
19.5791000000,2.82568780000,0.0984631458875
19.7001000000,2.75652330000,0.0972344822536
19.8211000000,2.78263810000,0.0977702933618
19.9421000000,2.88512520000,0.0995857677137
20.0630000000,2.82334080000,0.0985626714316
20.1840000000,2.83897270000,0.0990897857283
20.3050000000,3.05293820000,0.102537219268
20.4260000000,3.08960070000,0.103171126264
20.5470000000,3.06824840000,0.102963791108
20.6680000000,3.03487270000,0.102563083037
20.7889000000,3.02269870000,0.102370161247
20.9099000000,3.06728380000,0.103089029820
21.0309000000,2.90932510000,0.100531227684
21.1519000000,3.04512410000,0.102712782951
21.2729000000,3.07341390000,0.103359218141
21.3939000000,3.13676340000,0.104369443453
21.5148000000,3.19605590000,0.105566040434
21.6358000000,3.17168800000,0.105166912448
21.7568000000,3.16927870000,0.105070309779
21.8778000000,3.24103250000,0.106396098477
21.9988000000,3.18274980000,0.105490970062
22.1198000000,3.18693220000,0.105489566988
22.2407000000,3.24831130000,0.106586291349
22.3617000000,3.31516070000,0.107810759960
22.4827000000,3.48851530000,0.110474321936
22.6037000000,3.33273220000,0.108182630524
22.7247000000,3.22919590000,0.106432790506
22.8457000000,3.33572530000,0.108388463597
22.9666000000,3.37234750000,0.109104431750
23.0876000000,3.37478770000,0.109178108902
23.2086000000,3.17593380000,0.105958316276
23.3296000000,3.36962600000,0.109187875050
23.4506000000,3.41357820000,0.110136450237
23.5716000000,3.18431890000,0.106217567622
23.6925000000,3.37924230000,0.109571941665
23.8135000000,3.38898020000,0.110014925523
23.9345000000,3.37516920000,0.109817479710
24.0555000000,3.41988310000,0.110555474416
24.1563000000,3.28426650000,0.132592194233
24.2571000000,3.43615660000,0.0571288497521
24.3784000000,3.56617950000,0.0580190128691
24.5003000000,3.44068410000,0.0569360485173
24.6228000000,3.54479710000,0.0575981458922
24.7459000000,3.49124560000,0.0569241060281
24.8696000000,3.47213120000,0.0566212556997
24.9940000000,3.49379250000,0.0567233949687
25.1190000000,3.58979460000,0.0573093341760
25.2446000000,3.68809210000,0.0579193409133
25.3708000000,3.63947350000,0.0573684483459
25.4976000000,3.68864950000,0.0576175661707
25.6251000000,3.62061040000,0.0569309937077
25.7533000000,3.61124840000,0.0567806815881
25.8820000000,3.73328560000,0.0575085818135
26.0114000000,3.64879590000,0.0567880995602
26.1415000000,3.65828750000,0.0567145655893
26.2722000000,3.56772920000,0.0557760786856
26.4036000000,3.78791580000,0.0573593836162
26.5356000000,3.71334760000,0.0566241054914
26.6682000000,3.68991410000,0.0563746672676
26.8016000000,3.61544690000,0.0556307224921
26.9356000000,3.67831220000,0.0560234262664
27.0703000000,3.69224700000,0.0559937619153
27.2056000000,3.77460110000,0.0564375152636
27.3417000000,3.73728870000,0.0559816950293
27.4784000000,3.82452780000,0.0565380139906
27.6158000000,3.87340840000,0.0567783833004
27.7538000000,3.80109050000,0.0560871132050
27.8926000000,3.77449420000,0.0557872974611
28.0321000000,3.78758960000,0.0557872836947
28.1722000000,3.82177820000,0.0558910262412
28.3131000000,3.82875500000,0.0558025109686
28.4547000000,3.81223910000,0.0555304587188
28.5969000000,3.99512430000,0.0567279053374
28.7399000000,3.95466480000,0.0563625806920
28.8836000000,3.91858770000,0.0559372752142
29.0280000000,3.96298170000,0.0561327201648
29.1732000000,3.85289890000,0.0552510903068
29.3190000000,3.86651070000,0.0552307228293
29.4656000000,3.86669420000,0.0551380851623
29.6130000000,3.96117040000,0.0556830126917
29.7610000000,4.08820090000,0.0564065570837
29.9098000000,4.03876030000,0.0559427137425
30.0594000000,3.99314490000,0.0555157491344
30.2097000000,3.98462770000,0.0553312556663
30.3607000000,3.94062530000,0.0549496287673
30.5125000000,4.06651180000,0.0556088875676
30.6651000000,3.97672820000,0.0549108348934
30.8184000000,4.03579520000,0.0552238273608
30.9725000000,4.09232350000,0.0554483287301
31.1274000000,4.09861650000,0.0553978853447
31.2830000000,4.05710100000,0.0549806514583
31.4394000000,4.10430340000,0.0551767245531
31.5966000000,4.16896280000,0.0554723440873
31.7546000000,4.11594910000,0.0550225332792
31.9134000000,4.06068510000,0.0545257593940
32.0729000000,4.15155020000,0.0550588954679
32.2333000000,4.16831360000,0.0550447045903
32.3945000000,4.28105710000,0.0556568136828
32.5564000000,4.16239080000,0.0547723605284
32.7192000000,4.14876900000,0.0545870914720
32.8828000000,4.20766450000,0.0548018679818
33.0472000000,4.26481500000,0.0550856654379
33.2125000000,4.23892740000,0.0547851999391
33.3785000000,4.23659290000,0.0547035378351
33.5454000000,4.26584060000,0.0547462243270
33.7132000000,4.16238920000,0.0539739700542
33.8817000000,4.29314640000,0.0547102136867
34.0511000000,4.30896400000,0.0546422412470
34.2214000000,4.31412140000,0.0545888575133
34.3925000000,4.32725900000,0.0545594690038
34.5645000000,4.32338600000,0.0543867961915
34.7373000000,4.41899720000,0.0548289655515
34.9110000000,4.29942690000,0.0540048850664
35.0855000000,4.34929760000,0.0542025466084
35.2609000000,4.33828390000,0.0540308699446
35.4373000000,4.40829600000,0.0543529586919
35.6144000000,4.35603490000,0.0538556486340
35.7925000000,4.36712020000,0.0537945936791
35.9715000000,4.45106030000,0.0542317010172
36.1513000000,4.36419500000,0.0536094338629
36.3321000000,4.37905740000,0.0535668483144
36.5137000000,4.42372480000,0.0537386748774
36.6963000000,4.49920850000,0.0540324097610
36.8798000000,4.45333650000,0.0536537658144
37.0642000000,4.55111040000,0.0541580410803
37.2495000000,4.48988720000,0.0536804412669
37.4358000000,4.47278600000,0.0534538234100
37.6229000000,4.58250020000,0.0539895541800
37.8111000000,4.48079240000,0.0532639145711
38.0001000000,4.47669490000,0.0531172179877
38.1901000000,4.48583590000,0.0530216367963
38.3811000000,4.60956230000,0.0536430086962
38.5730000000,4.58165580000,0.0533786955607
38.7658000000,4.66378970000,0.0537340816927
38.9597000000,4.57675240000,0.0531050757399
39.1545000000,4.62620840000,0.0533182646145
39.3502000000,4.66851330000,0.0534360773601
39.5470000000,4.60833050000,0.0529576296856
39.7447000000,4.62106500000,0.0529401115693
39.9434000000,4.72268300000,0.0533914886990
40.1432000000,4.68794300000,0.0531001597416
40.3439000000,4.69919200000,0.0530170262408
40.5456000000,4.65011140000,0.0526722476236
40.7483000000,4.59632850000,0.0522566630247
40.9521000000,4.66121730000,0.0525237691442
41.1568000000,4.67123070000,0.0524108094720
41.3626000000,4.69990630000,0.0524943404960
41.5694000000,4.76715190000,0.0527916341857
41.7773000000,4.71376720000,0.0523168645104
41.9862000000,4.65479170000,0.0519032716050
42.1961000000,4.78761450000,0.0525206778409
42.4071000000,4.85177250000,0.0527585921698
42.6191000000,4.70181740000,0.0517914852276
42.8322000000,4.84503610000,0.0524908691451
43.0464000000,4.72286090000,0.0517172756173
43.2616000000,4.78304250000,0.0519210312824
43.4779000000,4.76434480000,0.0517470215347
43.6953000000,4.82341720000,0.0519423358798
43.9138000000,4.79345720000,0.0516991547717
44.1333000000,4.85536190000,0.0519291934663
44.3540000000,4.78532130000,0.0514387633649
44.5758000000,4.79565940000,0.0513786317730
44.7987000000,4.76940580000,0.0511272531155
45.0226000000,4.79780000000,0.0511872314338
45.2478000000,4.87009140000,0.0514517863049
45.4740000000,4.93499520000,0.0516652999324
45.7014000000,4.83637760000,0.0510700577236
45.9299000000,4.74423860000,0.0504582484637
46.1595000000,4.88634430000,0.0511155965455
46.3903000000,4.97306430000,0.0514752995484
46.6223000000,4.86693030000,0.0508298526123
46.8554000000,4.92763720000,0.0510438035142
47.0897000000,4.81922780000,0.0503723420886
47.3251000000,4.96095290000,0.0509904386999
47.5617000000,4.85315100000,0.0503828185587
47.7995000000,4.95013690000,0.0507767177791
48.0385000000,4.94731680000,0.0506302400103
48.2787000000,4.87985510000,0.0502089008627
48.5201000000,5.02176960000,0.0508278199910
48.7627000000,4.95697660000,0.0503946438394
49.0065000000,4.99568480000,0.0505147187849
49.2516000000,4.97990720000,0.0503490160583
49.4978000000,5.01401910000,0.0503884859346
49.7453000000,4.95173880000,0.0499760244954
49.9940000000,4.94414610000,0.0498710143358
50.2440000000,4.93176900000,0.0497107387925
50.4952000000,4.99805610000,0.0499385097497
50.7477000000,5.00780410000,0.0499240104877
51.0015000000,5.03241180000,0.0499297858936
51.2565000000,5.02607920000,0.0498128691611
51.5127000000,4.98190430000,0.0495181088089
51.7703000000,5.09510850000,0.0499750949378
52.0292000000,5.06979360000,0.0497756641910
52.2893000000,5.07513310000,0.0497174863148
52.5507000000,4.96608070000,0.0490759871906
52.8135000000,5.01080090000,0.0492223350702
53.0776000000,5.05410490000,0.0493508946766
53.3430000000,5.06267290000,0.0493248957560
53.6097000000,5.03068030000,0.0490809283425
53.8777000000,5.04638930000,0.0490688171506
54.1471000000,5.05579310000,0.0490197432738
54.4178000000,5.05850070000,0.0489338537018
54.6899000000,5.08135620000,0.0489872064208
54.9634000000,5.14627160000,0.0492146135299
55.2382000000,5.12784760000,0.0490423249238
55.5144000000,5.13747530000,0.0490126195866
55.7920000000,5.06800950000,0.0485918764260
56.0709000000,5.06395250000,0.0485144652821
56.3513000000,5.07427330000,0.0484764593686
56.6330000000,5.06787140000,0.0483921419642
56.9162000000,5.10894290000,0.0484808129919
57.2008000000,5.15752240000,0.0486268563415
57.4868000000,5.15673060000,0.0485622964742
57.7742000000,5.06068990000,0.0480613477477
58.0631000000,5.05477150000,0.0479460342971
58.3534000000,5.19654740000,0.0485039439230
58.6452000000,5.24705930000,0.0486725180169
58.9384000000,5.15601170000,0.0481810980156
59.2331000000,5.20866860000,0.0483541728250
59.5293000000,5.11792510000,0.0478405601584
59.8269000000,5.10164770000,0.0477007325093
60.1260000000,5.18905850000,0.0480175564293
60.4267000000,5.16029700000,0.0477939886867
60.7288000000,5.17115660000,0.0477594540624
61.0324000000,5.22463680000,0.0479185616819
61.3376000000,5.25919580000,0.0479991115459
61.6443000000,5.20555440000,0.0476953024819
61.9525000000,5.25620730000,0.0478517311858
62.2623000000,5.27521330000,0.0478728319205
62.5736000000,5.24042810000,0.0476208353220
62.8865000000,5.35084650000,0.0480638435727
63.2009000000,5.27590900000,0.0476562382866
63.5169000000,5.33808860000,0.0478612071327
63.8345000000,5.28466980000,0.0475351586682
64.1537000000,5.28928890000,0.0475077490155
64.4744000000,5.33976420000,0.0476575984915
64.7968000000,5.25070470000,0.0471976445764
65.1208000000,5.39219080000,0.0477675733255
65.4464000000,5.27822360000,0.0471844693017
65.7736000000,5.35084190000,0.0474512506628
66.1025000000,5.26943750000,0.0470138990253
66.4330000000,5.30992030000,0.0471355627168
66.7652000000,5.38759480000,0.0474098188619
67.0990000000,5.37769440000,0.0473028923771
67.4345000000,5.40388800000,0.0473685607748
67.7716000000,5.48247010000,0.0476534882556
68.1105000000,5.41392870000,0.0472798339077
68.4511000000,5.39561290000,0.0471522144294
68.7933000000,5.45364170000,0.0473586686894
69.1373000000,5.43623900000,0.0472238635694
69.4830000000,5.45547580000,0.0472771072564
69.8304000000,5.45759390000,0.0471973220846
70.1795000000,5.45026440000,0.0471104898442
70.5304000000,5.53160180000,0.0474181529429
70.8831000000,5.56048810000,0.0474656788851
71.2375000000,5.55516280000,0.0474155643924
71.5937000000,5.47327640000,0.0469967892177
71.9517000000,5.49095000000,0.0470212640750
72.3114000000,5.59673810000,0.0474382158606
72.6730000000,5.65441370000,0.0476332541866
73.0363000000,5.58415150000,0.0472767686957
73.4015000000,5.57398810000,0.0472040741006
73.7685000000,5.49700950000,0.0467990057275
74.1374000000,5.58490000000,0.0471370570463
74.5081000000,5.63087130000,0.0472337592711
74.8806000000,5.50235410000,0.0466269006858
75.2550000000,5.59085910000,0.0469306230821
75.6313000000,5.69335940000,0.0472545001867
76.0094000000,5.62763680000,0.0469213603918
76.3895000000,5.59279190000,0.0467495759049
76.7714000000,5.67029170000,0.0469536454837
77.1553000000,5.58360710000,0.0465391039402
77.5411000000,5.60914690000,0.0465700789984
77.9288000000,5.65191030000,0.0466770660956
78.3184000000,5.56524050000,0.0462747016415
78.7100000000,5.57853090000,0.0462399874172
79.1035000000,5.72863520000,0.0467758454445
79.4991000000,5.60996560000,0.0462368877095
79.8966000000,5.61113480000,0.0461832858348
80.2960000000,5.60794820000,0.0460990427779
80.6975000000,5.59735780000,0.0459950153273
81.1010000000,5.63941540000,0.0461107585347
81.5065000000,5.61285720000,0.0459309188523
81.9141000000,5.62747190000,0.0459461922555
82.3236000000,5.58132670000,0.0457213518180
82.7352000000,5.68066680000,0.0460350578565
83.1489000000,5.58129540000,0.0455824981775
83.5647000000,5.66787230000,0.0458705353300
83.9825000000,5.59217880000,0.0454971836449
84.4024000000,5.52217850000,0.0451705591236
84.8244000000,5.61226090000,0.0454772238352
85.2485000000,5.63469430000,0.0455231116149
85.6748000000,5.67888940000,0.0456438713409
86.1031000000,5.65587570000,0.0455129636995
86.5337000000,5.64555970000,0.0453959669471
86.9663000000,5.66993270000,0.0454558324067
87.4012000000,5.66951740000,0.0453827922202
87.8382000000,5.59020710000,0.0450234862834
88.2774000000,5.60598130000,0.0450236615328
88.7187000000,5.59549400000,0.0449245622621
89.1623000000,5.62197190000,0.0449837326166
89.6082000000,5.52642960000,0.0445250163175
90.0562000000,5.61870170000,0.0448263896218
90.5065000000,5.53466920000,0.0444328732057
90.9590000000,5.63713850000,0.0447863676565
91.4138000000,5.65091670000,0.0447651606926
91.8709000000,5.56348470000,0.0443463413119
92.3302000000,5.56145110000,0.0442782996843
92.7919000000,5.56411350000,0.0442347659337
93.2558000000,5.60766430000,0.0443311721555
93.7221000000,5.52003190000,0.0439103006024
94.1907000000,5.59459250000,0.0441700656881
94.6617000000,5.48973720000,0.0436716488666
95.1350000000,5.65200390000,0.0442533940521
95.6107000000,5.50078220000,0.0435891550898
96.0887000000,5.45747480000,0.0433641807954
96.5692000000,5.51477250000,0.0435443339309
97.0520000000,5.53157920000,0.0435435402961
97.5373000000,5.54556960000,0.0435327409687
98.0249000000,5.55038270000,0.0434848290351
98.5151000000,5.44494580000,0.0430147967616
99.0076000000,5.49218290000,0.0431304148729
99.5027000000,5.40639070000,0.0427378265205
100.000000000,5.42021070000,0.0427420608666
100.500000000,5.44690010000,0.0428000416952
101.003000000,5.41175930000,0.0425894928706
101.508000000,5.44420730000,0.0426438874398
102.015000000,5.41986650000,0.0424773265203
102.525000000,5.34911580000,0.0421541266029
103.038000000,5.35263220000,0.0421423183245
103.553000000,5.27285400000,0.0417580446857
104.071000000,5.36715380000,0.0420908037275
104.591000000,5.24905060000,0.0415691045668
105.114000000,5.37616940000,0.0420218835811
105.640000000,5.25147820000,0.0414882151978
106.168000000,5.26754150000,0.0414789132638
106.699000000,5.17612650000,0.0410966671790
107.232000000,5.29022680000,0.0414594621423
107.768000000,5.16683220000,0.0409518912018
108.307000000,5.17004900000,0.0409091751546
108.849000000,5.25733350000,0.0412233399772
109.393000000,5.16044720000,0.0408107978582
109.940000000,5.18938570000,0.0408780678673
110.490000000,5.23266090000,0.0410057696444
111.042000000,5.14076310000,0.0406127722363
111.597000000,5.05566740000,0.0402281624939
112.155000000,5.04045910000,0.0401502987435
112.716000000,5.01315130000,0.0400029177015
113.280000000,5.00826720000,0.0399403767421
113.846000000,4.92860320000,0.0395713135564
114.415000000,4.94991040000,0.0396363548730
114.987000000,4.93498020000,0.0395509752172
115.562000000,4.97657990000,0.0396900671730
116.140000000,4.88301810000,0.0392880049428
116.721000000,4.88374920000,0.0392796898372
117.305000000,4.82853460000,0.0390420285155
117.891000000,4.74248270000,0.0386747842091
118.481000000,4.69599920000,0.0384543910161
119.073000000,4.79902130000,0.0388474934160
119.668000000,4.78576100000,0.0387741548922
120.267000000,4.68754730000,0.0383642839731
120.868000000,4.69028920000,0.0383418225232
121.472000000,4.70179170000,0.0383605734384
122.080000000,4.63214510000,0.0380629575780
122.690000000,4.65545420000,0.0381198576795
123.304000000,4.61705100000,0.0379424132658
123.920000000,4.53724170000,0.0375976925039
124.540000000,4.47525960000,0.0373136663950
125.162000000,4.48413070000,0.0373321549488
125.788000000,4.40806680000,0.0369931145045
126.417000000,4.40051140000,0.0369524365598
127.049000000,4.38651150000,0.0368521495094
127.684000000,4.37559460000,0.0367933127718
128.323000000,4.26859520000,0.0363333628212
128.964000000,4.34710730000,0.0366308488190
129.609000000,4.26896400000,0.0362819277878
130.257000000,4.23263750000,0.0361146015783
130.909000000,4.16963660000,0.0358373790899
131.563000000,4.13196510000,0.0356527583099
132.221000000,4.15182680000,0.0357290573503
132.882000000,4.11424970000,0.0355419690014
133.546000000,4.06039560000,0.0352906020852
134.214000000,4.07962250000,0.0353713574933
134.885000000,3.97409730000,0.0348986407012
135.560000000,3.97841060000,0.0349246171038
136.238000000,3.94485870000,0.0347466250475
136.919000000,3.97663120000,0.0348568989769
137.603000000,3.96966090000,0.0348365176490
138.291000000,3.91416420000,0.0345806174343
138.983000000,3.87957150000,0.0344323364894
139.678000000,3.94560940000,0.0346864429246
140.376000000,3.89499680000,0.0344740492039
141.078000000,3.97116590000,0.0347762326932
141.783000000,3.90281710000,0.0344903375423
142.492000000,3.89829890000,0.0344556169485
143.205000000,3.93271950000,0.0345891995834
143.921000000,3.98208600000,0.0347963219722
144.640000000,3.96891040000,0.0347069806786
145.364000000,4.06271880000,0.0350986578029
146.090000000,4.06199870000,0.0350853368147
146.821000000,4.07844980000,0.0351464119226
147.555000000,4.07151310000,0.0350825986281
148.293000000,4.21801370000,0.0356865624323
149.034000000,4.19790620000,0.0355721959932
149.779000000,4.15926330000,0.0354041006271
150.528000000,4.20531760000,0.0355810838836
151.281000000,4.32203160000,0.0360031582332
152.037000000,4.26783120000,0.0357832232282
152.797000000,4.25982240000,0.0357228712536
153.561000000,4.31395450000,0.0359117198554
154.329000000,4.34278120000,0.0360066071546
155.101000000,4.42798120000,0.0363668606669
155.876000000,4.37131220000,0.0360858808344
156.656000000,4.39135000000,0.0361626447582
157.439000000,4.44273410000,0.0363505509416
158.226000000,4.52223370000,0.0366649016326
159.017000000,4.39007450000,0.0361215910912
159.812000000,4.39959750000,0.0361434110913
160.612000000,4.42909160000,0.0362544353278
161.415000000,4.40020940000,0.0361361135657
162.222000000,4.48636310000,0.0364654449939
163.033000000,4.48157180000,0.0364402330765
163.848000000,4.45796910000,0.0363399186843
164.667000000,4.47027620000,0.0363866452109
165.491000000,4.31259030000,0.0357433045134
166.318000000,4.33621270000,0.0358353240070
167.150000000,4.29173360000,0.0356721997161
167.985000000,4.30004900000,0.0357008097806
168.825000000,4.18473670000,0.0352314040903
169.669000000,4.24362720000,0.0354706845038
170.518000000,4.21233630000,0.0353485967254
171.370000000,4.17348250000,0.0351830317503
172.227000000,4.08768450000,0.0348171105425
173.088000000,4.14310320000,0.0350495710846
173.954000000,4.05477250000,0.0346782618934
174.823000000,4.04298120000,0.0346182626667
175.698000000,4.00585330000,0.0344575482939
176.576000000,3.89761640000,0.0340041919777
177.459000000,3.89349390000,0.0339786757943
178.346000000,3.86887770000,0.0338666989567
179.238000000,3.76325910000,0.0334000013802
180.134000000,3.74209290000,0.0333251425589
181.035000000,3.74620060000,0.0333354728561
181.940000000,3.69205280000,0.0330901039696
182.850000000,3.72566490000,0.0332588126598
183.764000000,3.65553380000,0.0329289829357
184.683000000,3.62523830000,0.0328020297306
185.606000000,3.57455920000,0.0325861303862
186.534000000,3.55986250000,0.0325321852094
187.467000000,3.48932430000,0.0322197885882
188.404000000,3.43446460000,0.0319840228490
189.346000000,3.44559050000,0.0320271987403
190.293000000,3.43532770000,0.0319906271122
191.244000000,3.39779970000,0.0318445672814
192.201000000,3.35944310000,0.0316631234972
193.162000000,3.33758950000,0.0315561047955
194.128000000,3.32363080000,0.0314591809130
195.098000000,3.27241210000,0.0312076163364
196.074000000,3.25523690000,0.0310917171173
197.054000000,3.26885760000,0.0311336702475
198.039000000,3.28944390000,0.0312202313999
199.029000000,3.30419340000,0.0312819955000
200.025000000,3.25743480000,0.0310498423279
201.025000000,3.26527840000,0.0310822945495
202.030000000,3.26712720000,0.0310868473821
203.040000000,3.30081630000,0.0312429374424
204.055000000,3.31459730000,0.0313041039745
205.075000000,3.33110350000,0.0313725660458
206.101000000,3.34300450000,0.0314087465401
207.131000000,3.36513430000,0.0315026199641
208.167000000,3.42217260000,0.0317458868527
209.208000000,3.49798060000,0.0321077252893
210.254000000,3.55728510000,0.0323821371015
211.305000000,3.58499970000,0.0325162257192
212.362000000,3.70073050000,0.0330254725720
213.424000000,3.79044170000,0.0334353151603
214.491000000,3.83240690000,0.0336047270144
215.563000000,3.96659900000,0.0341988010716
216.641000000,4.10558400000,0.0348010200242
217.724000000,4.26583890000,0.0354981180741
218.813000000,4.35294160000,0.0358596356713
219.907000000,4.51395330000,0.0365284988614
221.006000000,4.67933910000,0.0371691824556
222.111000000,4.75860250000,0.0375117549535
223.222000000,4.90313700000,0.0380663148068
224.338000000,5.08620090000,0.0387865013902
225.460000000,5.15962910000,0.0390646215137
226.587000000,5.33930050000,0.0397369892820
227.720000000,5.40717350000,0.0399600619029
228.859000000,5.49744370000,0.0403009184227
230.003000000,5.62265090000,0.0407402462054
231.153000000,5.62206470000,0.0407264821117
232.309000000,5.80654520000,0.0413844778965
233.470000000,5.74501250000,0.0411496446939
234.638000000,5.70338130000,0.0409941210098
235.811000000,5.69756680000,0.0409918183781
236.990000000,5.65287450000,0.0408395599858
238.175000000,5.60163340000,0.0406496371371
239.366000000,5.63947670000,0.0407986907822
240.562000000,5.56633550000,0.0405231076906
241.765000000,5.59242440000,0.0406294918567
242.974000000,5.34207730000,0.0397301932399
244.189000000,5.35487920000,0.0397855489786
245.410000000,5.24104490000,0.0393556040371
246.637000000,5.11534620000,0.0388880242119
247.870000000,5.06884080000,0.0387287723819
249.109000000,4.87047290000,0.0379615273811
250.355000000,4.77788000000,0.0376274784436
251.607000000,4.75300180000,0.0375195957163
252.865000000,4.62896110000,0.0370225735319
254.129000000,4.50101810000,0.0365111176313
255.400000000,4.37251200000,0.0359873490965
256.677000000,4.35071220000,0.0359009441508
257.960000000,4.21490600000,0.0353383218861
259.250000000,4.16134780000,0.0351377073892
260.546000000,4.09842280000,0.0348632617627
261.849000000,3.98063350000,0.0343757441862
263.158000000,3.96893330000,0.0343403508039
264.474000000,3.83043010000,0.0337484040685
265.796000000,3.84637420000,0.0338127470540
267.125000000,3.78789350000,0.0335681102404
268.461000000,3.76716260000,0.0335013248812
269.803000000,3.66458520000,0.0330802283540
271.152000000,3.66225650000,0.0330700553111
272.508000000,3.64023020000,0.0329872816728
273.871000000,3.64216620000,0.0330139750062
275.240000000,3.64809450000,0.0330725096461
276.616000000,3.67444990000,0.0332267392319
277.999000000,3.67350050000,0.0332296939783
279.389000000,3.65214990000,0.0331821262737
280.786000000,3.68504300000,0.0333332937155
282.190000000,3.69826720000,0.0334140574084
283.601000000,3.68726790000,0.0333966038560
285.019000000,3.77772850000,0.0338189762882
286.444000000,3.74427100000,0.0337011333276
287.876000000,3.67220560000,0.0334307272842
289.316000000,3.71816790000,0.0336465727678
290.762000000,3.63134330000,0.0332933218653
292.216000000,3.64585920000,0.0333836051720
293.677000000,3.64813350000,0.0334198341676
295.146000000,3.55838010000,0.0330357634862
296.621000000,3.52324200000,0.0328850397126
298.104000000,3.44910010000,0.0325619776722
299.595000000,3.48628140000,0.0327652704948
301.093000000,3.41178000000,0.0324423812517
302.598000000,3.41955130000,0.0325023755183
304.111000000,3.45132610000,0.0326795489316
305.632000000,3.38533160000,0.0323933159890
307.160000000,3.43801430000,0.0326692660668
308.696000000,3.45854850000,0.0327823046853
310.239000000,3.49839140000,0.0330216372947
311.791000000,3.47522310000,0.0329253685524
313.350000000,3.49927220000,0.0330630365109
314.916000000,3.60394630000,0.0335979749536
316.491000000,3.58676500000,0.0335339031993
318.073000000,3.66786450000,0.0339353042502
319.664000000,3.76992210000,0.0344372301467
321.262000000,3.84275960000,0.0347875680270
322.868000000,3.82728710000,0.0347711591575
324.483000000,3.89471240000,0.0351205781821
326.105000000,3.96218690000,0.0354502466123
327.736000000,4.00607100000,0.0356788493760
329.374000000,3.97242540000,0.0355849916869
331.021000000,3.91913320000,0.0353930203756
332.676000000,3.87662140000,0.0352408740177
334.340000000,3.91195170000,0.0354477048399
336.011000000,3.84108280000,0.0351539538665
337.691000000,3.77416370000,0.0348917474394
339.380000000,3.62611260000,0.0342308170585
341.077000000,3.57882340000,0.0340484297888
342.782000000,3.48494400000,0.0336513002197
344.496000000,3.44817010000,0.0335011174553
346.218000000,3.47323240000,0.0336612963222
347.950000000,3.39087370000,0.0333184428707
349.689000000,3.33595250000,0.0330781199735
351.438000000,3.23393820000,0.0326099467048
353.195000000,3.09947140000,0.0319781880769
354.961000000,3.06960960000,0.0318742207375
356.736000000,3.02459330000,0.0316838427922
358.519000000,2.93113100000,0.0312242151721
360.312000000,2.91186740000,0.0311674295482
362.114000000,2.80590820000,0.0306520795410
363.924000000,2.77629630000,0.0305166809905
365.744000000,2.74625870000,0.0303981993563
367.572000000,2.72303380000,0.0303217841179
369.410000000,2.70231480000,0.0302383094902
371.257000000,2.67797560000,0.0301534648921
373.114000000,2.64071240000,0.0300092826030
374.979000000,2.63705830000,0.0300365736345
376.854000000,2.60663400000,0.0299060876030
378.738000000,2.62213730000,0.0300327549750
380.632000000,2.65922290000,0.0303010223835
382.535000000,2.63371940000,0.0302130529685
384.448000000,2.63154590000,0.0302393301879
386.370000000,2.58675600000,0.0300363243818
388.302000000,2.58530420000,0.0300797216025
390.244000000,2.58597230000,0.0301301436844
392.195000000,2.54224820000,0.0299181637963
394.156000000,2.56071650000,0.0300841234225
396.127000000,2.56784360000,0.0301814998580
398.107000000,2.47854690000,0.0297145784152
400.098000000,2.52797380000,0.0300498707921
402.098000000,2.47042290000,0.0297781651445
404.109000000,2.47825400000,0.0298594588449
406.129000000,2.51566050000,0.0301261820270
408.160000000,2.44546150000,0.0297628082449
410.201000000,2.37043290000,0.0293495025077
412.252000000,2.42098050000,0.0297146571586
414.313000000,2.41512380000,0.0297216917946
416.384000000,2.45360020000,0.0300230221963
418.466000000,2.42274420000,0.0299036647475
420.559000000,2.37217830000,0.0296314017071
422.662000000,2.35310760000,0.0295706203332
424.775000000,2.33762430000,0.0295473979245
426.899000000,2.34010590000,0.0296034140783
429.033000000,2.36282910000,0.0298187054178
431.178000000,2.35858780000,0.0298563435165
433.334000000,2.34325110000,0.0298140071894
435.501000000,2.35391750000,0.0299326210230
437.678000000,2.41390870000,0.0303744757031
439.867000000,2.37597960000,0.0302007357778
442.066000000,2.38589160000,0.0303243580919
444.276000000,2.39058900000,0.0304149900919
446.498000000,2.39667650000,0.0304931921435
448.730000000,2.41695530000,0.0306622571214
450.974000000,2.43369680000,0.0308502290294
453.229000000,2.46380630000,0.0311190574413
455.495000000,2.57688370000,0.0318893234052
457.773000000,2.69671490000,0.0326845920550
460.061000000,2.79865910000,0.0333715171655
462.362000000,2.83903170000,0.0336657552960
464.673000000,2.85762340000,0.0338602299608
466.997000000,2.90466670000,0.0342215786668
469.332000000,2.84532620000,0.0339482750279
471.679000000,2.86001920000,0.0341018643162
474.037000000,2.87988100000,0.0343137826688
476.407000000,2.93899190000,0.0347507898600
478.789000000,3.01236600000,0.0352578435336
481.183000000,3.09035720000,0.0357986263824
483.589000000,3.17250000000,0.0363144222909
486.007000000,3.23151000000,0.0367162166765
488.437000000,3.22091790000,0.0367634978589
490.879000000,3.06735440000,0.0359639104471
493.334000000,2.89297920000,0.0350135566089
495.800000000,2.76563950000,0.0343417631607
498.279000000,2.61171810000,0.0334467254837
500.771000000,2.52787690000,0.0329927123808
503.274000000,2.44606880000,0.0325512798313
505.791000000,2.35390450000,0.0320038200967
508.320000000,2.29662180000,0.0316855858253
510.861000000,2.22609970000,0.0312973751505
513.416000000,2.22111470000,0.0313099264707
515.983000000,2.29286210000,0.0318864706687
518.563000000,2.21443410000,0.0314291934261
521.155000000,2.20314040000,0.0314378682701
523.761000000,2.14522030000,0.0311251771316
526.380000000,2.17051130000,0.0313770598554
529.012000000,2.12422690000,0.0311481307079
531.657000000,2.12227550000,0.0312206712784
534.315000000,2.18064180000,0.0316963608272
536.987000000,2.10724810000,0.0312846344373
539.672000000,2.10487330000,0.0313526065562
542.370000000,2.06199050000,0.0311178048156
545.082000000,2.02513640000,0.0309458713607
547.807000000,2.02423080000,0.0309969206851
550.546000000,2.04499490000,0.0312356945758
553.299000000,2.04267780000,0.0313140021879
556.066000000,2.03013790000,0.0313063429725
558.846000000,1.99077790000,0.0310959609769
561.640000000,2.00265610000,0.0312768367098
