# X , Y , E Distribution=true

-20.1034,0.0023103,0.000817173
-19.9824,0.00358187,0.00103447
-19.8614,0.00236435,0.00083631
-19.7404,0.00303454,0.000960003
-19.6194,0.00361984,0.00104534
-19.4985,0.00432021,0.0011399
-19.3775,0.00319044,0.000980121
-19.2565,0.00331573,0.00100053
-19.1355,0.00309882,0.000971346
-19.0145,0.00445962,0.00115986
-18.8935,0.0039422,0.00109407
-18.7726,0.0112536,0.00187691
-18.6516,0.00703656,0.0014682
-18.5306,0.00616193,0.00136935
-18.4096,0.0063868,0.00140407
-18.2886,0.00837327,0.00161244
-18.1676,0.0215609,0.00259535
-18.0467,0.0507143,0.00401205
-17.9257,0.0160417,0.00223689
-17.8047,0.0172773,0.00232359
-17.6837,0.00855582,0.00163059
-17.5627,0.00898486,0.0016695
-17.4417,0.00910746,0.00168886
-17.3208,0.0237621,0.00273656
-17.1998,0.0204724,0.00254179
-17.0788,0.0264113,0.00288726
-16.9578,0.0204752,0.00253418
-16.8368,0.0151257,0.00217276
-16.7158,0.029913,0.00306718
-16.5949,0.0541059,0.00417495
-16.4739,0.0578875,0.00437078
-16.3529,0.073653,0.00493709
-16.2319,0.0724553,0.00488607
-16.1109,0.0583911,0.00438505
-15.9899,0.0417525,0.00371227
-15.869,0.0386152,0.00355347
-15.748,0.0699705,0.00479925
-15.627,0.0558395,0.0042865
-15.506,0.0589442,0.00439931
-15.385,0.0551384,0.00425239
-15.264,0.0493725,0.00402662
-15.1431,0.0498223,0.00403824
-15.0221,0.0522941,0.00414229
-14.9011,0.0515914,0.0041325
-14.7801,0.0375709,0.00351478
-14.6591,0.0409356,0.00366085
-14.5381,0.0469154,0.00391789
-14.4172,0.0279241,0.00302605
-14.2962,0.0288741,0.00308415
-14.1752,0.0375888,0.00350972
-14.0542,0.0369684,0.00350331
-13.9332,0.0321724,0.00326138
-13.8122,0.0404464,0.00366181
-13.6913,0.0416346,0.00370623
-13.5703,0.0423513,0.00374774
-13.4493,0.0709872,0.00482182
-13.3283,0.057378,0.00431615
-13.2073,0.0462433,0.0039014
-13.0863,0.0667032,0.00469571
-12.9654,0.0452505,0.00387439
-12.8444,0.0416103,0.00371003
-12.7234,0.0592303,0.00442663
-12.6024,0.0580627,0.00437742
-12.4814,0.0600632,0.00446022
-12.3604,0.0529741,0.00418078
-12.2395,0.0539515,0.00423235
-12.1185,0.0488021,0.00402444
-11.9975,0.0699226,0.00480538
-11.8765,0.0524001,0.0041591
-11.7555,0.0488465,0.00403277
-11.6345,0.0453407,0.00389134
-11.5136,0.0474983,0.00396761
-11.3926,0.055533,0.00428314
-11.2716,0.0593983,0.00444235
-11.1506,0.0545424,0.00425499
-11.0296,0.0547464,0.00424316
-10.9086,0.0466277,0.00394364
-10.7877,0.0469944,0.00394265
-10.6667,0.0357161,0.00344627
-10.5457,0.0399357,0.00364491
-10.4247,0.0522588,0.00416566
-10.3037,0.0414053,0.00370196
-10.1828,0.043455,0.0038036
-10.0618,0.0455986,0.00389058
-9.94078,0.0496133,0.00406942
-9.8198,0.0426898,0.00377068
-9.69882,0.0530527,0.00420418
-9.57783,0.0573152,0.00436708
-9.45685,0.0476849,0.00398514
-9.33587,0.0514595,0.00414724
-9.21488,0.0533124,0.00421347
-9.0939,0.0526202,0.0042009
-8.97292,0.0493153,0.00406958
-8.85194,0.0611808,0.00452136
-8.73095,0.0553373,0.00429939
-8.60997,0.0537771,0.00424965
-8.48899,0.0599262,0.00448048
-8.368,0.0612838,0.00452688
-8.24702,0.0765675,0.00507147
-8.12604,0.0594584,0.00446973
-8.00505,0.0603884,0.00449942
-7.88407,0.0629465,0.00461644
-7.76309,0.0617176,0.00455072
-7.6421,0.058126,0.00443325
-7.52112,0.0634747,0.00461693
-7.40014,0.0674515,0.00476962
-7.27915,0.0635591,0.00463297
-7.15817,0.0608774,0.00453077
-7.03719,0.0833618,0.0053045
-6.9162,0.0778186,0.0051355
-6.79522,0.0739224,0.00499824
-6.67424,0.0839064,0.00532955
-6.55326,0.0899883,0.0055134
-6.43227,0.0877256,0.00544977
-6.31129,0.0945929,0.00565515
-6.19031,0.0857585,0.00537005
-6.06932,0.0958807,0.00568885
-5.94834,0.0968212,0.00572527
-5.82736,0.0881899,0.00545942
-5.70637,0.0985284,0.00576284
-5.58539,0.0997741,0.00579677
-5.46441,0.104132,0.0059165
-5.34342,0.113036,0.00616737
-5.22244,0.113118,0.0061574
-5.10146,0.127886,0.00654101
-4.98047,0.135112,0.00673229
-4.85949,0.150548,0.00708672
-4.73851,0.159905,0.00732012
-4.61752,0.172015,0.00758143
-4.49654,0.227955,0.0087198
-4.37556,0.257988,0.00926793
-4.25457,0.301954,0.0100182
-4.13359,0.346295,0.0107333
-4.01261,0.41598,0.0117864
-3.89163,0.534354,0.0133447
-3.77064,0.667949,0.0149389
-3.64966,0.875883,0.0171185
-3.52868,1.09449,0.019168
-3.40769,1.36803,0.0214609
-3.28671,1.71403,0.02404
-3.16573,1.98815,0.0259342
-3.04474,2.41405,0.0286027
-2.92376,2.7589,0.0305995
-2.80278,3.08045,0.0323507
-2.68179,3.40063,0.0340256
-2.56081,3.72425,0.0356306
-2.43983,3.99718,0.0369434
-2.31884,4.0712,0.0372929
-2.19786,4.28969,0.0383231
-2.07688,4.39483,0.0388124
-1.95589,4.59506,0.0396956
-1.83491,4.67707,0.0400868
-1.71393,4.81856,0.0407011
-1.59295,4.90762,0.0410936
-1.47196,5.01254,0.0415492
-1.35098,4.9627,0.0413715
-1.23,5.02728,0.0416571
-1.10901,5.06044,0.041811
-0.988029,4.95552,0.0413703
-0.867046,4.86213,0.0409739
-0.746063,4.82779,0.0408326
-0.62508,4.88734,0.0410787
-0.504097,4.89216,0.0411092
-0.383113,4.94246,0.0413243
-0.26213,5.09433,0.0419537
-0.141147,5.02131,0.0416451
-0.0201639,5.10404,0.042018
0.100819,5.07142,0.0418834
0.221802,5.19727,0.0424302
0.342786,5.26595,0.04274
0.463769,5.344,0.0430692
0.584752,5.38012,0.0432499
0.705735,5.45956,0.043577
0.826718,5.64595,0.0443258
0.947701,5.79118,0.0449074
1.06868,5.80565,0.044982
1.18967,5.98062,0.0456648
1.31065,6.00866,0.0457817
1.43163,6.04353,0.0459169
1.55262,5.95621,0.0456129
1.6736,5.89752,0.0454046
1.79458,5.77136,0.0449156
1.91557,5.77557,0.0449071
2.03655,5.94125,0.0455518
2.15753,6.17817,0.0464492
2.27852,6.30271,0.0469079
2.3995,6.34858,0.0470724
2.52048,6.36322,0.0471226
2.64147,6.34343,0.0470677
2.76245,6.31274,0.0469635
2.88343,6.11884,0.0462653
3.00442,5.88042,0.0453791
3.1254,5.47181,0.0438078
3.24638,5.11342,0.0423962
3.36736,4.73914,0.040854
3.48835,4.52841,0.0399714
3.60933,4.33485,0.039139
3.73031,4.13489,0.0382392
3.8513,4.07011,0.0379642
3.97228,3.84319,0.036906
4.09326,3.69048,0.0361879
4.21425,3.48808,0.0351909
4.33523,3.23627,0.0339246
4.45621,3.03247,0.0328614
4.5772,2.82467,0.031728
4.69818,2.66926,0.0308618
4.81916,2.51728,0.0299834
4.94015,2.27412,0.0285186
5.06113,2.1816,0.0279365
5.18211,2.05045,0.027107
5.3031,1.90045,0.0261165
5.42408,1.78121,0.0252985
5.54506,1.66902,0.024507
5.66605,1.5648,0.0237504
5.78703,1.49319,0.0232158
5.90801,1.4551,0.0229301
6.02899,1.41191,0.0225872
6.14998,1.33167,0.0219462
6.27096,1.34187,0.0220474
6.39194,1.26917,0.0214485
6.51293,1.24331,0.0212382
6.63391,1.22331,0.0210817
6.75489,1.18381,0.0207581
6.87588,1.12751,0.0202695
6.99686,1.14254,0.0204136
7.11784,1.19562,0.0209014
7.23883,1.18451,0.0208123
7.35981,1.22062,0.0211378
7.48079,1.14534,0.0204775
7.60178,1.15862,0.0206108
7.72276,1.14421,0.0204943
7.84374,1.1631,0.0206788
7.96473,1.16242,0.0206883
8.08571,1.12373,0.0203421
8.20669,1.05471,0.0197309
8.32767,1.03066,0.0195216
8.44866,0.926273,0.0185239
8.56964,0.856137,0.0178315
8.69062,0.812109,0.0173738
8.81161,0.706686,0.0162354
8.93259,0.676559,0.0159043
9.05357,0.602111,0.0150209
9.17456,0.57201,0.0146618
9.29554,0.522585,0.0140275
9.41652,0.501412,0.0137569
9.53751,0.470088,0.0133365
9.65849,0.441517,0.0129464
9.77947,0.427038,0.0127476
9.90046,0.385864,0.0121257
10.0214,0.34851,0.0115358
10.1424,0.321083,0.0110926
10.2634,0.318401,0.0110434
10.3844,0.279062,0.0103558
10.5054,0.279677,0.0103663
10.6264,0.28985,0.010569
10.7473,0.281836,0.0104389
10.8683,0.268194,0.0101878
10.9893,0.272496,0.0102759
11.1103,0.271025,0.0102491
11.2313,0.2612,0.0100768
11.3523,0.257439,0.0100125
11.4732,0.236589,0.00959952
11.5942,0.247518,0.00984044
11.7152,0.228964,0.00946916
11.8362,0.227045,0.00943251
11.9572,0.205348,0.00898266
12.0782,0.209343,0.00907768
12.1991,0.209602,0.00909685
12.3201,0.208704,0.00908095
12.4411,0.213899,0.00919846
12.5621,0.190225,0.00868933
12.6831,0.203056,0.00898741
12.8041,0.227504,0.00952095
12.925,0.203085,0.00900609
13.046,0.204265,0.0090417
13.167,0.184229,0.00858696
13.288,0.193811,0.00881874
13.409,0.184147,0.00860864
13.53,0.169291,0.00824831
13.6509,0.184959,0.00863432
13.7719,0.177108,0.00845657
13.8929,0.159906,0.00804257
14.0139,0.157924,0.00799719
14.1349,0.152164,0.00785429
14.2559,0.151523,0.00784081
14.3768,0.135875,0.00742642
14.4978,0.15071,0.00781863
14.6188,0.129632,0.00726172
14.7398,0.125625,0.00715116
14.8608,0.111503,0.00673694
14.9817,0.104545,0.00652345
15.1027,0.104408,0.00652964
15.2237,0.120565,0.00702275
15.3447,0.104762,0.00654504
15.4657,0.0983032,0.00635007
15.5867,0.0974774,0.00632288
15.7076,0.0807742,0.00575742
15.8286,0.0840122,0.00587427
15.9496,0.100134,0.00641626
16.0706,0.0822967,0.0058187
16.1916,0.0867977,0.00598439
16.3126,0.0779248,0.0056774
16.4335,0.0858689,0.00596437
16.5545,0.0791256,0.00572591
16.6755,0.0699476,0.00539239
16.7965,0.0828193,0.00586739
16.9175,0.0810992,0.00581411
17.0385,0.0753622,0.00560112
17.1594,0.0766633,0.00566092
17.2804,0.0753443,0.00562307
17.4014,0.0669921,0.00528876
17.5224,0.0621274,0.00510489
17.6434,0.0650957,0.00522716
17.7644,0.0643772,0.0052049
17.8853,0.0684728,0.0053718
18.0063,0.0591398,0.00499629
18.1273,0.0619338,0.00512015
18.2483,0.0664774,0.00529028
18.3693,0.0545089,0.00481629
18.4903,0.0651139,0.00525735
18.6112,0.0471225,0.00447402
18.7322,0.0634923,0.00520575
18.8532,0.046717,0.00445599
18.9742,0.0561863,0.0048926
19.0952,0.057439,0.00496637
19.2162,0.0464792,0.00446814
19.3371,0.0557152,0.00488092
19.4581,0.0500511,0.00464022
19.5791,0.0529922,0.00477078
19.7001,0.0470467,0.00449777
19.8211,0.0434019,0.00431789
19.9421,0.0406748,0.00417294
20.063,0.0429992,0.00431437
20.184,0.0544473,0.00486267
20.305,0.0428318,0.00430041
20.426,0.0425293,0.00428749
20.547,0.0466216,0.00448646
20.668,0.0528073,0.0047936
20.7889,0.0487013,0.00459463
20.9099,0.0447362,0.00440205
21.0309,0.0436249,0.00435164
21.1519,0.0390059,0.00412297
21.2729,0.0464161,0.00450487
21.3939,0.0409266,0.00422233
21.5148,0.0458941,0.00447851
21.6358,0.044072,0.00439589
21.7568,0.0341013,0.0038704
21.8778,0.0403875,0.00420426
21.9988,0.0404202,0.00420822
22.1198,0.0396978,0.0041729
22.2407,0.0424487,0.00431283
22.3617,0.0375093,0.00406758
22.4827,0.0326247,0.00379849
22.6037,0.0395278,0.00417602
22.7247,0.0298341,0.00362619
22.8457,0.0427447,0.00435344
22.9666,0.0426225,0.00434197
23.0876,0.0424123,0.00433532
23.2086,0.0372862,0.00407313
23.3296,0.041044,0.00427893
23.4506,0.0471618,0.00458432
23.5716,0.0368911,0.00405858
23.6925,0.0416277,0.00431361
23.8135,0.0495098,0.00471131
23.9345,0.0452608,0.00450591
24.0555,0.0459169,0.00454527
24.1563,0.0440335,0.0054534
24.2571,0.0361834,0.00208745
24.3784,0.0373505,0.00211364
24.5003,0.0379659,0.00212445
24.6228,0.0374829,0.00210959
24.7459,0.0377344,0.00210425
24.8696,0.0349888,0.00202313
24.994,0.0363175,0.0020566
25.119,0.0387054,0.00211754
25.2446,0.0386179,0.00210985
25.3708,0.0336965,0.00196458
25.4976,0.0361205,0.00203833
25.6251,0.0358396,0.00201848
25.7533,0.0364316,0.0020295
25.882,0.0326744,0.00191166
26.0114,0.0424541,0.00217846
26.1415,0.0379525,0.00205563
26.2722,0.0365608,0.00201138
26.4036,0.0361342,0.00198865
26.5356,0.0329324,0.00189462
26.6682,0.0362659,0.00198811
26.8016,0.0314631,0.00184859
26.9356,0.0376578,0.00201438
27.0703,0.039353,0.00205335
27.2056,0.0368989,0.00198206
27.3417,0.0350713,0.00192757
27.4784,0.0350122,0.00192598
27.6158,0.0359216,0.00194382
27.7538,0.0361895,0.00195301
27.8926,0.0370358,0.00196727
28.0321,0.0394104,0.00202553
28.1722,0.0372018,0.00196139
28.3131,0.033245,0.00184506
28.4547,0.0369409,0.00195029
28.5969,0.0341657,0.00186925
28.7399,0.0369452,0.00194242
28.8836,0.0324623,0.00181567
29.028,0.0366383,0.00192508
29.1732,0.0340911,0.00185028
29.319,0.0324393,0.00180256
29.4656,0.0363558,0.00190404
29.613,0.0375996,0.00192871
29.761,0.0345691,0.00184729
29.9098,0.0379397,0.00193034
30.0594,0.0341951,0.00182937
30.2097,0.0346323,0.00183257
30.3607,0.0354547,0.00185527
30.5125,0.0306782,0.00172262
30.6651,0.0325318,0.00177001
30.8184,0.0326848,0.00176546
30.9725,0.0306665,0.00170203
31.1274,0.0347235,0.00181332
31.283,0.030719,0.00169881
31.4394,0.0314166,0.0017171
31.5966,0.0318972,0.00172554
31.7546,0.0318909,0.00172138
31.9134,0.0299349,0.00166278
32.0729,0.0320498,0.00172074
32.2333,0.0302864,0.00166887
32.3945,0.0344229,0.00177194
32.5564,0.0310192,0.0016764
32.7192,0.032741,0.00171958
32.8828,0.0283255,0.00160021
33.0472,0.029415,0.00162811
33.2125,0.0286226,0.00160106
33.3785,0.0337271,0.00173238
33.5454,0.0302094,0.00163514
33.7132,0.0291808,0.00160504
33.8817,0.0314036,0.0016608
34.0511,0.031636,0.00166396
34.2214,0.0329586,0.00169294
34.3925,0.032331,0.00167667
34.5645,0.030324,0.00161878
34.7373,0.0281328,0.00155537
34.911,0.0277031,0.00153731
35.0855,0.0307824,0.00162107
35.2609,0.0308061,0.00161594
35.4373,0.029724,0.00158649
35.6144,0.0306451,0.00160256
35.7925,0.0291098,0.00155895
35.9715,0.0297897,0.00157588
36.1513,0.030265,0.00158493
36.3321,0.0286526,0.00153676
36.5137,0.0288952,0.00154015
36.6963,0.0282615,0.00151736
36.8798,0.0286035,0.00152461
37.0642,0.0308896,0.00158304
37.2495,0.0311928,0.00158623
37.4358,0.032784,0.00162558
37.6229,0.0328598,0.00162479
37.8111,0.0338276,0.00164197
38.0001,0.0315451,0.00158382
38.1901,0.0305141,0.00155601
38.3811,0.0310977,0.00156414
38.573,0.0314542,0.00157006
38.7658,0.0315003,0.00156797
38.9597,0.0296476,0.00151714
39.1545,0.0314216,0.00155789
39.3502,0.0349367,0.00164016
39.547,0.0324395,0.00157848
39.7447,0.031905,0.00156075
39.9434,0.032857,0.00158692
40.1432,0.036147,0.00165058
40.3439,0.031058,0.00153155
40.5456,0.0330186,0.00157482
40.7483,0.0347115,0.0016118
40.9521,0.0363727,0.00164509
41.1568,0.0316593,0.00153248
41.3626,0.0329037,0.00155514
41.5694,0.0377681,0.00166726
41.7773,0.0340528,0.00158002
41.9862,0.0349783,0.0015969
42.1961,0.0334355,0.00155679
42.4071,0.0339575,0.00156754
42.6191,0.0332926,0.00154619
42.8322,0.0327939,0.00153227
43.0464,0.0332991,0.00154141
43.2616,0.0348175,0.00157623
43.4779,0.0359552,0.00159935
43.6953,0.0331728,0.00152991
43.9138,0.0382428,0.00164114
44.1333,0.0373381,0.00161738
44.354,0.0376287,0.00161832
44.5758,0.0375206,0.00161319
44.7987,0.0350342,0.0015583
45.0226,0.03579,0.00156832
45.2478,0.0330586,0.00150399
45.474,0.0316348,0.00146941
45.7014,0.0364524,0.00157388
45.9299,0.0357114,0.00155442
46.1595,0.0335357,0.00150282
46.3903,0.0359957,0.00155523
46.6223,0.0359097,0.00154719
46.8554,0.0338028,0.0014986
47.0897,0.0379122,0.0015818
47.3251,0.0329871,0.00147502
47.5617,0.036399,0.00154904
47.7995,0.0375731,0.00156806
48.0385,0.0366032,0.00154701
48.2787,0.0360149,0.00152947
48.5201,0.0370104,0.00154937
48.7627,0.0365434,0.00153699
49.0065,0.0370752,0.00154455
49.2516,0.0392928,0.00158696
49.4978,0.0351409,0.00149847
49.7453,0.0368112,0.00152996
49.994,0.0368739,0.00152802
50.244,0.036021,0.0015067
50.4952,0.0356439,0.0014959
50.7477,0.0359259,0.00149904
51.0015,0.0377782,0.00153451
51.2565,0.0337208,0.00144865
51.5127,0.0366857,0.00150608
51.7703,0.0347115,0.00146218
52.0292,0.0368564,0.00150522
52.2893,0.0378269,0.00152149
52.5507,0.0372893,0.00150842
52.8135,0.0393091,0.0015476
53.0776,0.0375951,0.00150962
53.343,0.0373671,0.00150271
53.6097,0.0383797,0.00151955
53.8777,0.0358007,0.00146643
54.1471,0.0368969,0.00148648
54.4178,0.0344593,0.00143187
54.6899,0.0362838,0.00146819
54.9634,0.0392484,0.00152437
55.2382,0.0350124,0.0014393
55.5144,0.0366747,0.00146901
55.792,0.0358805,0.00145125
56.0709,0.0367275,0.00146635
56.3513,0.0365867,0.00146227
56.633,0.0385086,0.00149641
56.9162,0.0350271,0.00142384
57.2008,0.0376176,0.00147436
57.4868,0.0383694,0.00148781
57.7742,0.0393801,0.0015043
58.0631,0.0365085,0.00144681
58.3534,0.0357026,0.00142863
58.6452,0.0359507,0.00143023
58.9384,0.0378683,0.00146567
59.2331,0.0371714,0.00145091
59.5293,0.0377549,0.00145924
59.8269,0.0381923,0.00146599
60.126,0.0360015,0.00141849
60.4267,0.037103,0.00143969
60.7288,0.0365034,0.00142468
61.0324,0.0338432,0.00136907
61.3376,0.0351042,0.00139279
61.6443,0.0359556,0.00140852
61.9525,0.0378527,0.00144197
62.2623,0.0373367,0.00142898
62.5736,0.0364319,0.00140853
62.8865,0.0379135,0.00143557
63.2009,0.038601,0.00144586
63.5169,0.0385814,0.00144463
63.8345,0.0362202,0.00139789
64.1537,0.0365911,0.00140394
64.4744,0.0363958,0.00139764
64.7968,0.0363653,0.00139244
65.1208,0.0387492,0.00143546
65.4464,0.0373064,0.00140656
65.7736,0.0361681,0.00138273
66.1025,0.0375125,0.00140835
66.433,0.0375897,0.00140561
66.7652,0.0375452,0.00140485
67.099,0.0368856,0.00138882
67.4345,0.038352,0.00141572
67.7716,0.0405199,0.00145403
68.1105,0.0389713,0.00142349
68.4511,0.0397771,0.00143741
68.7933,0.0420083,0.00147479
69.1373,0.041541,0.0014661
69.483,0.0425042,0.00148115
69.8304,0.0418561,0.00146757
70.1795,0.0412956,0.00145551
70.5304,0.0409882,0.00144928
70.8831,0.0400219,0.0014311
71.2375,0.0421672,0.0014691
71.5937,0.0420636,0.0014666
71.9517,0.04132,0.00145006
72.3114,0.0468519,0.00154653
72.673,0.0486663,0.00157525
73.0363,0.0495685,0.00159071
73.4015,0.0543719,0.00166502
73.7685,0.0534705,0.00165027
74.1374,0.05318,0.00164341
74.5081,0.0504787,0.00159859
74.8806,0.0440659,0.00148961
75.255,0.0442109,0.00148887
75.6313,0.0402106,0.00141533
76.0094,0.0366532,0.00134776
76.3895,0.0414181,0.00143
76.7714,0.0353883,0.00131955
77.1553,0.0362229,0.00133334
77.5411,0.0339031,0.00128671
77.9288,0.0340097,0.00128772
78.3184,0.0331395,0.00126894
78.71,0.0314791,0.0012347
79.1035,0.0310648,0.00122508
79.4991,0.0329144,0.00125693
79.8966,0.0325952,0.00124876
80.296,0.0295818,0.00118926
80.6975,0.0328322,0.00125098
81.101,0.0327946,0.00124677
81.5065,0.0301128,0.00119388
81.9141,0.0305281,0.00120073
82.3236,0.0321333,0.00123015
82.7352,0.0308432,0.0012044
83.1489,0.0301446,0.00118855
83.5647,0.0287477,0.00115864
83.9825,0.0283012,0.00114792
84.4024,0.0302115,0.00118549
84.8244,0.0281191,0.00114132
85.2485,0.0316557,0.00121105
85.6748,0.0305506,0.00118832
86.1031,0.0302243,0.00118248
86.5337,0.0297203,0.0011695
86.9663,0.0298973,0.00117281
87.4012,0.0290226,0.0011547
87.8382,0.0294929,0.00116157
88.2774,0.0273187,0.00111714
88.7187,0.028586,0.00113983
89.1623,0.0293981,0.00115509
89.6082,0.0282204,0.00112901
90.0562,0.0286783,0.00113966
90.5065,0.0289008,0.00114181
90.959,0.0304115,0.00116933
91.4138,0.0285133,0.00112985
91.8709,0.0289253,0.00113556
92.3302,0.0286389,0.00112915
92.7919,0.0304965,0.00116204
93.2558,0.0300757,0.00115206
93.7221,0.0303081,0.00115529
94.1907,0.0316675,0.00118004
94.6617,0.0288128,0.0011233
95.135,0.0304161,0.00115189
95.6107,0.0290078,0.00112248
96.0887,0.0295652,0.00113212
96.5692,0.0296875,0.00113267
97.052,0.0300308,0.00113674
97.5373,0.0294404,0.00112508
98.0249,0.0315073,0.00116203
98.5151,0.0295542,0.00112434
99.0076,0.0308071,0.00114552
99.5027,0.0306193,0.00114073
100,0.0315293,0.00115694
100.5,0.0348999,0.00121474
101.003,0.0336507,0.00119231
101.508,0.0325927,0.00117124
102.015,0.0322335,0.00116309
102.525,0.0323042,0.00116229
103.038,0.0371478,0.00124581
103.553,0.034996,0.0012069
104.071,0.0356562,0.00121721
104.591,0.0335894,0.00117835
105.114,0.0363206,0.00122584
105.64,0.0364218,0.00122589
106.168,0.0345085,0.00119138
106.699,0.0347735,0.00119464
107.232,0.0347532,0.0011928
107.768,0.0369278,0.00122718
108.307,0.034351,0.00118185
108.849,0.0370565,0.00122617
109.393,0.0373828,0.00122861
109.94,0.0367343,0.00121525
110.49,0.0396891,0.00126347
111.042,0.0404069,0.00127033
111.597,0.0408526,0.00127665
112.155,0.0437809,0.00131983
112.716,0.0439287,0.00132101
113.28,0.0411228,0.00127878
113.846,0.0393668,0.00125208
114.415,0.0411296,0.00127943
114.987,0.0411298,0.00127868
115.562,0.0425301,0.00129913
116.14,0.0425319,0.00129671
116.721,0.0451608,0.00133491
117.305,0.0465554,0.00135523
117.891,0.0477773,0.00137314
118.481,0.0467908,0.00135814
119.073,0.0462587,0.00135084
119.668,0.047139,0.00136275
120.267,0.0470527,0.00136199
120.868,0.0466908,0.00135704
121.472,0.0445583,0.00132452
122.08,0.0459649,0.00134462
122.69,0.0429558,0.00129954
123.304,0.045459,0.00133557
123.92,0.0417983,0.00127993
124.54,0.0424804,0.00128887
125.162,0.0422793,0.00128596
125.788,0.0425832,0.00128758
126.417,0.0441686,0.00131025
127.049,0.0399985,0.00124539
127.684,0.0449454,0.00132075
128.323,0.0431848,0.00129436
128.964,0.0427927,0.00128509
129.609,0.045466,0.00132296
130.257,0.0458425,0.00132737
130.909,0.0487834,0.00136956
131.563,0.0497349,0.00138105
132.221,0.0516832,0.00140809
132.882,0.0491903,0.00137143
133.546,0.0519344,0.00140808
134.214,0.0551875,0.0014506
134.885,0.0564527,0.00146447
135.56,0.0612294,0.00152743
136.238,0.0598013,0.00150768
136.919,0.0625788,0.00154143
137.603,0.0683091,0.00160987
138.291,0.0683258,0.00160824
138.983,0.0725185,0.00165582
139.678,0.0711606,0.00163685
140.376,0.0742732,0.00167157
141.078,0.0757941,0.0016868
141.783,0.0788229,0.00172047
142.492,0.0806611,0.00174107
143.205,0.0823505,0.00175791
143.921,0.082894,0.00176361
144.64,0.0808696,0.00174073
145.364,0.0829712,0.00176205
146.09,0.0862013,0.0017948
146.821,0.0868602,0.00180173
147.555,0.0846369,0.00177632
148.293,0.0840163,0.00177082
149.034,0.0853838,0.00178664
149.779,0.0858167,0.00179042
150.528,0.0853224,0.00178264
151.281,0.0793084,0.00171685
152.037,0.0813188,0.00173781
152.797,0.0818076,0.00174348
153.561,0.0778655,0.00169915
154.329,0.0761788,0.00167985
155.101,0.0813588,0.00173605
155.876,0.0759078,0.00167469
156.656,0.07508,0.00166488
157.439,0.0753759,0.00166716
158.226,0.0741263,0.00165346
159.017,0.0751055,0.00166277
159.812,0.0743025,0.00165282
160.612,0.0725584,0.00163387
161.415,0.0728206,0.00163514
162.222,0.0707269,0.00161194
163.033,0.0700282,0.00160432
163.848,0.0687909,0.00159041
164.667,0.0702438,0.00160568
165.491,0.0703697,0.00160614
166.318,0.0681873,0.00158171
167.15,0.0692664,0.00159329
167.985,0.068491,0.00158518
168.825,0.0701333,0.00160558
169.669,0.0694028,0.00159734
170.518,0.0699737,0.00160369
171.37,0.0695175,0.0015985
172.227,0.0678355,0.00157872
173.088,0.0673068,0.00157424
173.954,0.0662475,0.00156124
174.823,0.0655888,0.00155324
175.698,0.0644567,0.00153816
176.576,0.0656536,0.00155322
177.459,0.0635761,0.00152804
178.346,0.0638423,0.00153046
179.238,0.0621609,0.00150891
180.134,0.0657671,0.00155379
181.035,0.0657994,0.00155468
181.94,0.0655272,0.00155174
182.85,0.0687151,0.00158549
183.764,0.0669562,0.00156442
184.683,0.0673317,0.00156866
185.606,0.0695108,0.00159442
186.534,0.0723675,0.0016265
187.467,0.0727757,0.00163259
188.404,0.0759254,0.00166607
189.346,0.0756195,0.00166289
190.293,0.0800023,0.00170985
191.244,0.0822903,0.00173441
192.201,0.0832069,0.00174504
193.162,0.0812505,0.00172539
194.128,0.0763192,0.00167233
195.098,0.0742379,0.00164937
196.074,0.0667131,0.0015651
197.054,0.0642524,0.00153311
198.039,0.0631461,0.00152016
199.029,0.0621966,0.00150855
200.025,0.0608052,0.00149148
201.025,0.0595616,0.00147662
202.03,0.0589828,0.00146941
203.04,0.0606337,0.00148974
204.055,0.0573327,0.00144793
205.075,0.0570365,0.00144436
206.101,0.0551255,0.00142068
207.131,0.0529357,0.00139089
208.167,0.0506074,0.00135865
209.208,0.0528394,0.00139054
210.254,0.0525449,0.00138745
211.305,0.0518703,0.00137832
212.362,0.0510595,0.00136866
213.424,0.0532083,0.00139742
214.491,0.0525031,0.00138679
215.563,0.053061,0.00139592
216.641,0.053976,0.00140863
217.724,0.0567211,0.00144489
218.813,0.0585184,0.00146983
219.907,0.0581267,0.00146524
221.006,0.0560709,0.00143943
222.111,0.0591675,0.0014812
223.222,0.059153,0.00148085
224.338,0.0601891,0.00149445
225.46,0.0604009,0.00149772
226.587,0.0608595,0.0015018
227.72,0.0561565,0.00144298
228.859,0.0565963,0.00144513
230.003,0.0565391,0.00144534
231.153,0.0547653,0.00142055
232.309,0.0572548,0.00145194
233.47,0.0568875,0.00144687
234.638,0.0573487,0.00145195
235.811,0.0607732,0.0014963
236.99,0.0625955,0.00151903
238.175,0.0622266,0.00151488
239.366,0.0624033,0.00151641
240.562,0.0617745,0.00150905
241.765,0.0646656,0.00154515
242.974,0.0649227,0.00154863
244.189,0.0644008,0.00154343
245.41,0.0625351,0.00152104
246.637,0.0598638,0.00148919
247.87,0.0599792,0.00148999
249.109,0.0576771,0.00146107
250.355,0.05758,0.0014611
251.607,0.0553182,0.00143091
252.865,0.0533389,0.00140511
254.129,0.0521419,0.00138866
255.4,0.050168,0.00136111
256.677,0.0473878,0.00132459
257.96,0.046274,0.00130818
259.25,0.0482922,0.00133599
260.546,0.0460572,0.00130577
261.849,0.0466865,0.00131456
263.158,0.0473967,0.00132446
264.474,0.0483299,0.00133725
265.796,0.0461058,0.00130641
267.125,0.0472465,0.00132373
268.461,0.0485074,0.00134038
269.803,0.0515148,0.00138314
271.152,0.0497735,0.00135948
272.508,0.0519698,0.0013896
273.871,0.0534338,0.00140886
275.24,0.0554455,0.00143645
276.616,0.0567101,0.00145424
277.999,0.0588695,0.00148267
279.389,0.0620901,0.00152205
280.786,0.061057,0.00150944
282.19,0.0606728,0.00150604
283.601,0.0649621,0.00156105
285.019,0.0656115,0.00156815
286.444,0.067899,0.00159644
287.876,0.0697944,0.00162109
289.316,0.0674221,0.00159387
290.762,0.0683967,0.00160526
292.216,0.0684908,0.00160709
293.677,0.0656265,0.00157501
295.146,0.0673699,0.00159783
296.621,0.062698,0.0015413
298.104,0.0617899,0.00153239
299.595,0.0627686,0.00154551
301.093,0.06186,0.00153599
302.598,0.0605887,0.0015203
304.111,0.0577039,0.00148481
305.632,0.0582084,0.00149282
307.16,0.0557857,0.00146281
308.696,0.0543215,0.00144596
310.239,0.0541386,0.00144514
311.791,0.0524169,0.00142309
313.35,0.0485378,0.00137098
314.916,0.0498737,0.00139264
316.491,0.045505,0.00133297
318.073,0.0450755,0.00132825
319.664,0.0420279,0.00128359
321.262,0.0393804,0.00124451
322.868,0.0386529,0.00123556
324.483,0.0393576,0.00124793
326.105,0.0352931,0.00118307
327.736,0.033979,0.00116268
329.374,0.0316446,0.00112513
331.021,0.0316768,0.00112614
332.676,0.0297286,0.00109365
334.34,0.0306383,0.00111387
336.011,0.0287272,0.0010787
337.691,0.0297763,0.00110012
339.38,0.0273874,0.0010568
341.077,0.0277466,0.00106403
342.782,0.029116,0.00109131
344.496,0.0271799,0.00105505
346.218,0.0252276,0.00101798
347.95,0.0256463,0.00102736
349.689,0.0262275,0.00104212
351.438,0.0251118,0.0010197
353.195,0.0250286,0.00102052
354.961,0.0249904,0.00101988
356.736,0.0261267,0.00104515
358.519,0.024449,0.00101234
360.312,0.0247326,0.001018
362.114,0.0257918,0.00104386
363.924,0.0240737,0.00100887
365.744,0.0246713,0.00102243
367.572,0.0251362,0.00103543
369.41,0.0242452,0.00101707
371.257,0.0248744,0.00103199
373.114,0.0261876,0.00106158
374.979,0.0258417,0.00105614
376.854,0.025666,0.0010514
378.738,0.0254127,0.00104984
380.632,0.0263371,0.00107069
382.535,0.0253206,0.00105293
384.448,0.0256141,0.00105846
386.37,0.026014,0.00106887
388.302,0.0268458,0.00108906
390.244,0.0269377,0.00109334
392.195,0.0250718,0.00105661
394.156,0.0259235,0.0010753
396.127,0.0270864,0.00110131
398.107,0.0278431,0.00111903
400.098,0.0285262,0.00113575
402.098,0.0300371,0.00116927
404.109,0.028396,0.00113709
406.129,0.0285695,0.00114277
408.16,0.0273985,0.00112073
410.201,0.0263471,0.00109951
412.252,0.0243795,0.00106125
414.313,0.0249762,0.00107347
416.384,0.0252498,0.00108252
418.466,0.0257958,0.00109527
420.559,0.0247617,0.00107487
422.662,0.0250024,0.0010825
424.775,0.0250757,0.00108691
426.899,0.0234441,0.00105245
429.033,0.0253809,0.00109482
431.178,0.0267122,0.00112608
433.334,0.0253289,0.0010975
435.501,0.0244725,0.00108362
437.678,0.0251813,0.00110141
439.867,0.0267804,0.00113767
442.066,0.0267784,0.00113793
444.276,0.027031,0.00114845
446.498,0.0258035,0.00112317
448.73,0.0245247,0.00109776
450.974,0.0269632,0.00115234
453.229,0.0261937,0.00113643
455.495,0.0267063,0.00114947
457.773,0.0276551,0.0011768
460.061,0.0281909,0.00118981
462.362,0.0272883,0.0011734
464.673,0.0268666,0.00116449
466.997,0.0284933,0.00120378
469.332,0.0289238,0.00121572
471.679,0.0287008,0.00121256
474.037,0.030309,0.0012502
476.407,0.0301781,0.00125003
478.789,0.032004,0.001291
481.183,0.0335928,0.00132762
483.589,0.03019,0.00125875
486.007,0.03131,0.00128567
488.437,0.0310721,0.0012831
490.879,0.0320556,0.00130571
493.334,0.0311108,0.00128959
495.8,0.0310605,0.00129335
498.279,0.0293819,0.00125957
500.771,0.0305131,0.00128702
503.274,0.0311412,0.00130276
505.791,0.0308355,0.00130015
508.32,0.0282282,0.00124543
510.861,0.0301003,0.00128948
513.416,0.0283353,0.00125161
515.983,0.0268179,0.00122321
518.563,0.0296459,0.00128777
521.155,0.0305996,0.0013139
523.761,0.0308197,0.00132175
526.38,0.0313287,0.0013361
529.012,0.0309931,0.00133287
531.657,0.0324245,0.00136768
534.315,0.0294482,0.00130463
536.987,0.0316519,0.00135677
539.672,0.0325967,0.00138048
542.37,0.0309295,0.00134786
545.082,0.0327736,0.00139307
547.807,0.0308692,0.00135249
550.546,0.0307551,0.00135479
553.299,0.0323522,0.00139307
556.066,0.0320021,0.00138932
558.846,0.0337921,0.00143137
561.64,0.0327439,0.00141306
564.448,0.0341751,0.0014474
567.271,0.0358085,0.00148461
570.107,0.0372792,0.00151646
572.958,0.035856,0.00149201
575.822,0.0365974,0.00151257
578.702,0.0367495,0.00151963
581.595,0.0395449,0.00158276
584.503,0.0373489,0.00154352
587.426,0.0361817,0.00152353
590.363,0.0394501,0.00159411
593.314,0.0393256,0.00159607
596.281,0.0390321,0.00159454
599.262,0.0373187,0.00156462
602.259,0.0370856,0.0015645
605.27,0.0350998,0.00152804
608.296,0.0350833,0.00153144
611.338,0.0358809,0.00155134
614.395,0.038144,0.00160401
617.467,0.035741,0.00155976
620.554,0.0370167,0.00159077
623.657,0.0346444,0.00154196
626.775,0.0337586,0.0015268
629.909,0.0328121,0.00151241
633.058,0.0324378,0.00150953
636.224,0.0348319,0.00156691
639.405,0.0343703,0.00156157
642.602,0.032864,0.00153041
645.815,0.0351868,0.00159245
649.044,0.0329044,0.00154178
652.289,0.0330773,0.00154984
655.551,0.0345401,0.00159094
658.828,0.0365144,0.00164077
662.122,0.0329372,0.00156444
665.433,0.0333631,0.00157828
668.76,0.0359124,0.00164182
672.104,0.0339252,0.00160039
675.464,0.0339188,0.00160584
678.842,0.033738,0.00160784
682.236,0.0339096,0.00161455
685.647,0.0331531,0.00160552
689.075,0.0337908,0.00162527
692.521,0.033382,0.00161769
695.983,0.0321556,0.00159309
699.463,0.0333348,0.00163097
702.961,0.0307441,0.00156785
706.475,0.0330827,0.00163352
710.008,0.0342136,0.0016666
713.558,0.0328709,0.00164166
717.126,0.0345304,0.00168479
720.711,0.0327438,0.00164644
724.315,0.0362871,0.00174122
727.936,0.0328642,0.00166197
731.576,0.0350413,0.00172236
735.234,0.0346539,0.00171942
738.91,0.0325096,0.00166855
742.605,0.035048,0.00173993
746.318,0.0341001,0.0017201
750.049,0.0322871,0.00168228
753.8,0.0324414,0.00168733
757.569,0.0349463,0.00175934
761.356,0.0378462,0.00183756
765.163,0.0372605,0.00182679
768.989,0.0364852,0.00181678
772.834,0.0383457,0.00186486
776.698,0.0335016,0.00175469
780.582,0.0317841,0.00170886
784.485,0.0310032,0.00169405
788.407,0.0337075,0.00177189
792.349,0.0328412,0.00175451
796.311,0.0317773,0.00173542
800.292,0.0344591,0.00180844
804.294,0.0333375,0.00179019
808.315,0.0334779,0.00180056
812.357,0.0328662,0.00178688
816.419,0.0330999,0.0017994
820.501,0.0360246,0.0018859
824.603,0.0351231,0.00187076
828.726,0.0341285,0.00184993
832.87,0.0337942,0.00184695
837.034,0.0331006,0.00183754
841.219,0.0322732,0.00181964
845.425,0.0366401,0.00194375
849.653,0.0381719,0.00198911
853.901,0.0326493,0.00184459
858.17,0.0335939,0.00187803
862.461,0.0361721,0.00195254
866.773,0.0337675,0.00189992
871.107,0.0322454,0.00186647
875.463,0.0319003,0.00185974
879.84,0.032691,0.00188507
884.239,0.0311149,0.00184733
888.661,0.0324131,0.00189132
893.104,0.0357751,0.00199196
897.569,0.0352001,0.00198788
902.057,0.0338422,0.00195492
906.568,0.0332814,0.00194847
911.1,0.0350939,0.00200562
915.656,0.0336463,0.00197059
920.234,0.033701,0.00198112
924.835,0.0359946,0.00205633
929.46,0.0356643,0.00205754
934.107,0.0361423,0.00207352
938.777,0.0353807,0.00205801
943.471,0.0344824,0.00203586
948.189,0.0342346,0.00204269
952.93,0.0334966,0.0020257
957.694,0.0345482,0.00206662
962.483,0.0337676,0.00204773
967.295,0.0360168,0.00212553
972.132,0.0371666,0.00216645
976.992,0.0353759,0.0021202
981.877,0.0335163,0.00207086
986.787,0.0365041,0.0021652
991.72,0.0365709,0.00217485
996.679,0.0353191,0.0021556
1001.66,0.0352029,0.00215757
1006.67,0.0346169,0.00215193
1011.7,0.03198,0.00207031
1016.76,0.0352464,0.00217873
1021.85,0.0342811,0.00215786
1026.96,0.0366798,0.00224545
1032.09,0.0346252,0.00218879
1037.25,0.0335463,0.0021644
1042.44,0.0339067,0.00218969
1047.65,0.0328508,0.00215944
1052.89,0.0321142,0.00214526
1058.15,0.0310482,0.00211449
1063.44,0.0307625,0.00211601
1068.76,0.0324859,0.00218465
1074.1,0.0302795,0.00211354
1079.47,0.0323285,0.00219233
1084.87,0.0314194,0.00216955
1090.3,0.032432,0.00221934
1095.75,0.0309345,0.00217128
1101.23,0.0338438,0.00227682
1106.73,0.0337305,0.00228124
1112.27,0.0352425,0.00234117
1117.83,0.0325323,0.00226426
1123.42,0.0310883,0.00221663
1129.03,0.0349594,0.00236271
1134.68,0.0310798,0.00223353
1140.35,0.0331682,0.00232064
1146.05,0.0336348,0.00234518
1151.78,0.0329621,0.00233353
1157.54,0.0379592,0.00251585
1163.33,0.0358798,0.00245033
1169.15,0.0350318,0.00243027
1174.99,0.0357522,0.0024647
1180.87,0.0387848,0.00257536
1186.77,0.0361238,0.00250319
1192.71,0.0350741,0.00247561
1198.67,0.0347541,0.00247448
1204.66,0.0320817,0.00238098
1210.69,0.0338403,0.0024629
1216.74,0.0350919,0.00252025
1222.82,0.0325238,0.00243528
1228.94,0.0357203,0.00255331
1235.08,0.0354639,0.00255488
1241.26,0.0370053,0.00261876
1247.46,0.0409192,0.00276897
1253.7,0.0377995,0.00266947
1259.97,0.0399088,0.00275601
1266.27,0.0398559,0.00276907
1272.6,0.0382049,0.00272335
1278.96,0.0351481,0.00263081
1285.36,0.0370409,0.00270665
1291.79,0.0393389,0.00280048
1298.24,0.0420478,0.00290478
1304.74,0.0443536,0.00299869
1311.26,0.0420001,0.00292638
1317.82,0.0372909,0.00276292
1324.41,0.0390079,0.00284278
1331.03,0.0383732,0.00283001
1337.68,0.0418076,0.0029778
1344.37,0.0415668,0.00298759
1351.09,0.0451849,0.00311815
1357.85,0.0431447,0.00305909
1364.64,0.043092,0.00306077
1371.46,0.0409799,0.0030073
1378.32,0.0420283,0.00305205
1385.21,0.0419398,0.00306099
1392.14,0.045744,0.0032164
1399.1,0.0426826,0.00312418
1406.09,0.0433943,0.00315976
1413.12,0.0426622,0.00314219
1420.19,0.0404024,0.00307241
1427.29,0.0393714,0.0030416
1434.43,0.042103,0.00315525
1441.6,0.0436022,0.00322477
1448.81,0.0375438,0.00299824
1456.05,0.0415302,0.00315563
1463.33,0.0431349,0.00324233
1470.65,0.0406553,0.00315632
1478,0.0440617,0.00329037
1485.39,0.0389609,0.0031279
1492.82,0.03775,0.00309413
1500.28,0.0405591,0.00322264
1507.78,0.040064,0.00320773
1515.32,0.0428302,0.00333608
1522.9,0.0387121,0.00316936
1530.51,0.0357588,0.00305598
1538.16,0.0444974,0.00342784
1545.86,0.0415323,0.00332987
1553.58,0.0450095,0.00346969
1561.35,0.0469095,0.00356522
1569.16,0.0423441,0.00339631
1577,0.0452384,0.00352412
1584.89,0.0401926,0.00333575
1592.81,0.0398975,0.00333747
1600.78,0.0375478,0.00325362
1608.78,0.0385548,0.00331038
1616.83,0.0392828,0.00334803
1624.91,0.0374489,0.003281
1633.03,0.0417825,0.00348897
1641.2,0.0422158,0.00351909
1649.41,0.0374223,0.00331515
1657.65,0.0382099,0.00336054
1665.94,0.0360231,0.00328631
1674.27,0.0389895,0.00342514
1682.64,0.0411343,0.00354208
1691.06,0.0352099,0.00328707
1699.51,0.0366009,0.00337107
1708.01,0.0378142,0.00343656
1716.55,0.0419304,0.00362002
1725.13,0.0359149,0.00337828
1733.76,0.036302,0.00339648
1742.43,0.0398171,0.00357967
1751.14,0.0403687,0.00360706
1759.89,0.0369953,0.00347077
1768.69,0.0377222,0.00351385
1777.54,0.0398201,0.00362763
1786.42,0.0391387,0.00360636
1795.36,0.0411009,0.00370658
1804.33,0.0348361,0.00342588
1813.35,0.0365519,0.00351974
1822.42,0.0405036,0.00372464
1831.53,0.0409368,0.00373773
1840.69,0.0422058,0.00381637
1849.89,0.0366694,0.00356692
1859.14,0.0404434,0.00376297
1868.44,0.0374609,0.00363373
1877.78,0.0454842,0.00401949
1887.17,0.0389238,0.00373055
1896.61,0.0405278,0.0038195
1906.09,0.0399424,0.00380215
1915.62,0.0409325,0.00385768
1925.2,0.0412849,0.00388308
1934.82,0.0367934,0.00366906
1944.5,0.0390001,0.00381573
1954.22,0.0407295,0.00390573
1963.99,0.0406239,0.00391752
1973.81,0.0377822,0.00378195
1983.68,0.0376633,0.00378844
1993.6,0.0402565,0.00393984
2003.57,0.0444855,0.00416568
2013.59,0.042943,0.0041044
2023.65,0.0403102,0.00398613
2033.77,0.0389649,0.00393846
2043.94,0.0378343,0.00390679
2054.16,0.0348442,0.00375627
2064.43,0.0349108,0.0037498
2074.75,0.0378727,0.00392013
2085.13,0.0403601,0.00404108
2095.55,0.0387789,0.00398676
2106.03,0.0404763,0.00410486
2116.56,0.0413109,0.0041597
2127.14,0.040663,0.00412475
2137.78,0.0397316,0.00408775
2148.47,0.0434016,0.00429033
2159.21,0.0407194,0.00417877
2170.01,0.0428637,0.00428651
2180.86,0.0433384,0.00433215
2191.76,0.0401204,0.0041955
2202.72,0.0355365,0.00394734
2213.73,0.0441007,0.00441944
2224.8,0.0462355,0.00455116
2235.93,0.0379617,0.00413374
2247.11,0.0373826,0.00409791
2258.34,0.0488566,0.00471338
2269.63,0.0401157,0.0042661
2280.98,0.0365803,0.00409377
2292.39,0.039125,0.00425614
2303.85,0.0431576,0.00447026
2315.37,0.0357539,0.00407188
2326.94,0.0372151,0.00417696
2338.58,0.0397332,0.0043415
2350.27,0.036682,0.00417244
2362.02,0.0357879,0.00413933
2373.83,0.0407041,0.00442761
2385.7,0.0407716,0.00444998
2397.63,0.0416129,0.00451533
2409.62,0.0348566,0.00414071
2421.67,0.0380893,0.00433929
2433.77,0.0403885,0.00446492
2445.94,0.0373918,0.00433905
2458.17,0.0432644,0.00465572
2470.46,0.0408899,0.0045371
2482.82,0.0359791,0.00426502
2495.23,0.0385106,0.00444611
2507.71,0.0430829,0.00470074
2520.25,0.0437936,0.00475067
2532.85,0.0414424,0.00463263
2545.51,0.0423799,0.00471274
2558.24,0.0450219,0.004856
2571.03,0.0449013,0.00487195
2583.88,0.0432756,0.00480514
2596.8,0.0417924,0.00473351
2609.79,0.0431331,0.00482476
2622.84,0.040579,0.00468651
2635.95,0.0423693,0.00479065
2649.13,0.057216,0.00559989
2662.38,0.0513665,0.00533553
2675.69,0.0418215,0.00483195
2689.07,0.0425179,0.00489678
2702.51,0.0387577,0.00467895
2716.02,0.0453381,0.00503307
2729.61,0.0466318,0.00513907
2743.25,0.040027,0.00477971
2756.97,0.0408737,0.00484275
2770.75,0.0380737,0.00469503
2784.61,0.0412228,0.00490599
2798.53,0.0473053,0.0052719
2812.52,0.040787,0.00488557
2826.59,0.0416759,0.0049485
2840.72,0.041083,0.00492228
2854.92,0.0459697,0.00523289
2869.2,0.0394081,0.00485736
2883.54,0.0428017,0.00508156
2897.96,0.0370848,0.00470521
2912.45,0.0341714,0.00454554
2927.01,0.0361074,0.00471244
2941.65,0.038858,0.00488762
2956.36,0.0394217,0.00492771
2971.14,0.0369074,0.00479591
2985.99,0.0349036,0.00468798
3000.92,0.0327226,0.00451266
3015.93,0.0423323,0.00517709
3031.01,0.0388049,0.00497224
3046.16,0.045668,0.00538548
3061.39,0.0436068,0.00529602
3076.7,0.0344866,0.00472194
3092.08,0.040886,0.00515494
3107.54,0.0390489,0.00502366
3123.08,0.0396491,0.0050885
3138.7,0.0418588,0.0052639
3154.39,0.0397257,0.00512874
3170.16,0.0496351,0.00576039
3186.01,0.0466553,0.00558821
3201.94,0.0449459,0.0054885
3217.95,0.0358947,0.00492708
3234.04,0.0407426,0.00526955
3250.21,0.0365666,0.00500641
3266.47,0.0355755,0.00496683
3282.8,0.043946,0.00555376
3299.21,0.0403601,0.00532405
3315.71,0.043174,0.00553519
3332.29,0.0377375,0.00518675
3348.95,0.042061,0.00550679
3365.69,0.0390649,0.00532116
3382.52,0.0393336,0.0053396
3399.43,0.0400025,0.00538273
3416.43,0.0423817,0.00556156
3433.51,0.0470273,0.00587783
3450.68,0.0412647,0.00551989
3467.93,0.0400492,0.00544177
3485.27,0.0342348,0.00508262
3502.7,0.0377748,0.00537585
3520.21,0.0376703,0.00533176
3537.81,0.043115,0.00573822
3555.5,0.0419753,0.00569002
3573.28,0.0437928,0.00583941
3591.15,0.0473529,0.0060773
3609.1,0.0489447,0.00619242
3627.15,0.0393439,0.00555513
3645.28,0.0445288,0.00593386
3663.51,0.0528177,0.00646515
3681.83,0.043582,0.00587617
3700.24,0.0386249,0.00557934
3718.74,0.0431081,0.00592315
3737.33,0.0442003,0.00601023
3756.02,0.0414078,0.00580308
3774.8,0.035866,0.00541633
3793.67,0.0405868,0.00579486
3812.64,0.0486013,0.00633746
3831.7,0.0418637,0.00591273
3850.86,0.0455508,0.00619406
3870.12,0.0475599,0.00634964
3889.47,0.0467482,0.00630306
3908.92,0.0423808,0.00602685
3928.46,0.0315373,0.00517503
3948.1,0.0386845,0.00579794
3967.84,0.0399889,0.00593819
3987.68,0.0485885,0.00654577
4007.62,0.0383357,0.00581463
4027.66,0.0355085,0.0055982
4047.8,0.0411606,0.00605676
4068.04,0.04548,0.00640382
4088.38,0.0443747,0.00634529
4108.82,0.0515338,0.00685346
4129.36,0.0462302,0.00650566
4150.01,0.045074,0.00644402
4170.76,0.0476131,0.00664144
4191.61,0.0412265,0.00620287
4212.57,0.0415582,0.00626137
4233.63,0.041153,0.00622888
4254.8,0.0486949,0.00680179
4276.08,0.0507938,0.00695905
4297.46,0.0435417,0.0064785
4318.94,0.0412255,0.00632841
4340.54,0.0440897,0.00655251
4362.24,0.0464551,0.00676185
4384.05,0.0473274,0.00683718
4405.97,0.0435685,0.00655276
4428,0.048526,0.0069228
4450.14,0.0481051,0.00695314
4472.39,0.0463034,0.00684242
4494.75,0.0402015,0.00642112
4517.23,0.0374642,0.00621562
4539.81,0.0386783,0.00629904
4562.51,0.0397082,0.00640398
4585.33,0.0383264,0.00632346
4608.25,0.0338672,0.00596281
4631.29,0.0415141,0.00666507
4654.45,0.0439417,0.00681125
4677.72,0.0424171,0.00668829
4701.11,0.0446797,0.0069052
4724.62,0.0367023,0.00620067
4748.24,0.0447478,0.00692812
4771.98,0.0506307,0.00740103
4795.84,0.0543407,0.00771259
4819.82,0.0544825,0.00772544
4843.92,0.053441,0.00767068
4868.14,0.052184,0.00760899
4892.48,0.05341,0.00771637
4916.94,0.0566893,0.00795647
4941.53,0.0554746,0.00788087
4966.23,0.0477895,0.00735611
4991.07,0.0466634,0.00730969
5016.02,0.0415389,0.00691937
5041.1,0.0401771,0.00679097
5066.31,0.0456,0.00725072
5091.64,0.0447154,0.00719466
5117.1,0.0381312,0.00666763
5142.68,0.0346526,0.00637985
5168.4,0.0385621,0.00673386
5194.24,0.052374,0.00782188
5220.21,0.0518438,0.00777786
5246.31,0.0488341,0.00761479
5272.54,0.0494502,0.0077183
5298.9,0.0474344,0.00752597
5325.4,0.0404952,0.00699634
5352.03,0.0397345,0.00695144
5378.79,0.0368278,0.00671408
5405.68,0.0370823,0.00674164
5432.71,0.0470415,0.00762089
5459.87,0.0428232,0.00728057
5487.17,0.0429838,0.0073437
5514.61,0.0404889,0.00717652
5542.18,0.0432063,0.00738718
5569.89,0.0463206,0.00764048
5597.74,0.0466446,0.00768034
5625.73,0.0491819,0.00787465
5653.86,0.0432631,0.00745777
5682.13,0.0446678,0.0075854
5710.54,0.0464772,0.00774899
5739.09,0.045915,0.00770131
5767.79,0.04247,0.00740813
5796.62,0.0387801,0.00713446
5825.61,0.0437563,0.00758205
5854.74,0.0381102,0.00714756
5884.01,0.0485345,0.00805304
5913.43,0.0502344,0.0082279
5943,0.0471294,0.00799362
5972.71,0.0390364,0.00728073
6002.57,0.0454587,0.00788023
6032.59,0.0496832,0.00825074
6062.75,0.0521386,0.00849395
6093.06,0.0533579,0.00861746
6123.53,0.0487869,0.00825075
6154.15,0.0394101,0.00737946
6184.92,0.0441612,0.00786929
6215.84,0.0447797,0.0079565
6246.92,0.045527,0.00803339
6278.16,0.0466578,0.00814332
6309.55,0.050859,0.00850292
6341.09,0.0448309,0.00797781
6372.8,0.050363,0.0084893
6404.66,0.0504841,0.00854667
6436.69,0.0501919,0.00853995
6468.87,0.0536737,0.00886071
6501.22,0.0503055,0.00853916
6533.72,0.05437,0.00889796
6566.39,0.0541933,0.0089103
6599.22,0.0534471,0.00886573
6632.22,0.0463238,0.00828749
6665.38,0.042001,0.00796977
6698.71,0.0535819,0.00897634
6732.2,0.0560111,0.00918263
6765.86,0.0491228,0.00865223
6799.69,0.0424825,0.00802891
6833.69,0.0470983,0.00847699
6867.86,0.049673,0.00872359
6902.2,0.0484428,0.00862526
6936.71,0.040656,0.00798566
6971.39,0.0564475,0.00943428
7006.25,0.0587766,0.00958002
7041.28,0.0526318,0.00903562
7076.49,0.0469279,0.00853581
7111.87,0.053587,0.0091747
7147.43,0.0550222,0.0093175
7183.16,0.0546161,0.00931549
7219.08,0.0547079,0.009396
7255.18,0.0581147,0.00967934
7291.45,0.0493031,0.00895549
7327.91,0.0458141,0.00864978
7364.55,0.0463234,0.00865637
7401.37,0.0516677,0.00916487
7438.38,0.048648,0.00889766
7475.57,0.0482418,0.00885842
7512.95,0.0590267,0.00981598
7550.51,0.0457459,0.00874766
7588.26,0.0468061,0.00883849
7626.21,0.0493424,0.0090757
7664.34,0.057876,0.00986598
7702.66,0.0562426,0.00983857
7741.17,0.059606,0.0101026
7779.88,0.0606804,0.0101341
7818.78,0.0584573,0.00991157
7857.87,0.0528764,0.00950205
7897.16,0.0501739,0.00929714
7936.65,0.0473932,0.00908961
7976.33,0.0583587,0.0101115
8016.21,0.0600572,0.0102615
8050.87,0.0593964,0.0119527