# X , Y , E Distribution=true

-20.1034,0.00839176,0.00303441
-19.9824,0.0129696,0.00384581
-19.8614,0.00670058,0.00274851
-19.7404,0.00579404,0.00259194
-19.6194,0.00235245,0.00166397
-19.4985,0.0137175,0.00396367
-19.3775,0.00781993,0.00295768
-19.2565,0.006707,0.002739
-19.1355,0.00694213,0.00283714
-19.0145,0.00573234,0.00256722
-18.8935,0.0113405,0.00358845
-18.7726,0.00715592,0.00287805
-18.6516,0.00902425,0.00323232
-18.5306,0.00802409,0.00303413
-18.4096,0.0128128,0.0038399
-18.2886,0.0203882,0.00482944
-18.1676,0.0090566,0.00320425
-18.0467,0.0138204,0.00399328
-17.9257,0.0102591,0.00342429
-17.8047,0.0166378,0.00434018
-17.6837,0.00622624,0.00271039
-17.5627,0.0177125,0.00457769
-17.4417,0.012508,0.00377627
-17.3208,0.0141689,0.00409463
-17.1998,0.00834045,0.00311277
-17.0788,0.0165056,0.00444611
-16.9578,0.0176129,0.00455236
-16.8368,0.0188221,0.00471184
-16.7158,0.0214172,0.00505106
-16.5949,0.0271755,0.00569932
-16.4739,0.0245298,0.00543402
-16.3529,0.0312907,0.00617249
-16.2319,0.0275998,0.00573028
-16.1109,0.0332734,0.00633516
-15.9899,0.0351057,0.00653027
-15.869,0.0332141,0.00639738
-15.748,0.0317184,0.00617375
-15.627,0.0496422,0.00777845
-15.506,0.0504784,0.00782396
-15.385,0.0411103,0.0070654
-15.264,0.0490853,0.00774103
-15.1431,0.0804898,0.0100439
-15.0221,0.101262,0.0112891
-14.9011,0.115427,0.0120187
-14.7801,0.0946502,0.0108635
-14.6591,0.102855,0.0113931
-14.5381,0.123686,0.0124825
-14.4172,0.155506,0.0139826
-14.2962,0.12791,0.0127156
-14.1752,0.142534,0.0133592
-14.0542,0.119868,0.0122849
-13.9332,0.141204,0.0134028
-13.8122,0.157371,0.0140865
-13.6913,0.184486,0.0153817
-13.5703,0.223552,0.0168953
-13.4493,0.211521,0.0164172
-13.3283,0.183264,0.0152461
-13.2073,0.252675,0.0179892
-13.0863,0.209044,0.0162947
-12.9654,0.229928,0.0170953
-12.8444,0.218326,0.0166421
-12.7234,0.239136,0.0173953
-12.6024,0.22242,0.0168337
-12.4814,0.242593,0.0175543
-12.3604,0.260712,0.0181732
-12.2395,0.249314,0.0177613
-12.1185,0.328541,0.0204662
-11.9975,0.284637,0.0189791
-11.8765,0.288984,0.0191269
-11.7555,0.293835,0.0192668
-11.6345,0.333367,0.0205462
-11.5136,0.31776,0.0200242
-11.3926,0.32336,0.0202371
-11.2716,0.323201,0.0203095
-11.1506,0.319794,0.0201045
-11.0296,0.35967,0.0213461
-10.9086,0.375018,0.0218117
-10.7877,0.414502,0.022938
-10.6667,0.37269,0.021711
-10.5457,0.404758,0.0226454
-10.4247,0.393306,0.0222861
-10.3037,0.468095,0.02437
-10.1828,0.448781,0.0238069
-10.0618,0.450269,0.0238225
-9.94078,0.43424,0.0234326
-9.8198,0.453004,0.0239623
-9.69882,0.482834,0.0247094
-9.57783,0.520076,0.0256258
-9.45685,0.491729,0.0248964
-9.33587,0.491475,0.0249515
-9.21488,0.540666,0.0261835
-9.0939,0.548709,0.0263324
-8.97292,0.561435,0.0266951
-8.85194,0.588655,0.0273103
-8.73095,0.57565,0.026981
-8.60997,0.612023,0.0278363
-8.48899,0.585228,0.0272093
-8.368,0.637719,0.0284397
-8.24702,0.686683,0.0294996
-8.12604,0.619133,0.0279834
-8.00505,0.70593,0.0298838
-7.88407,0.672738,0.0291921
-7.76309,0.722721,0.0302893
-7.6421,0.726545,0.0303733
-7.52112,0.750174,0.0308511
-7.40014,0.693679,0.0296682
-7.27915,0.813906,0.032147
-7.15817,0.850555,0.0328887
-7.03719,0.797319,0.0318364
-6.9162,0.900993,0.0338131
-6.79522,0.914831,0.0341111
-6.67424,0.907134,0.0339656
-6.55326,0.888798,0.033555
-6.43227,0.9744,0.0351728
-6.31129,0.99713,0.0355541
-6.19031,0.993563,0.035519
-6.06932,1.09724,0.0372864
-5.94834,1.09833,0.037316
-5.82736,1.14342,0.0380951
-5.70637,1.11943,0.0376231
-5.58539,1.19364,0.0389164
-5.46441,1.319,0.0408824
-5.34342,1.32871,0.0409725
-5.22244,1.28203,0.0402084
-5.10146,1.42068,0.0423486
-4.98047,1.55917,0.0443332
-4.85949,1.69523,0.0461325
-4.73851,1.83868,0.0480483
-4.61752,1.9804,0.0497577
-4.49654,2.27138,0.0531781
-4.37556,2.5307,0.056049
-4.25457,2.83719,0.0593525
-4.13359,3.35607,0.0644747
-4.01261,3.68491,0.0674431
-3.89163,4.42891,0.0738763
-3.77064,5.12871,0.079488
-3.64966,6.21056,0.0873631
-3.52868,7.18164,0.0939301
-3.40769,8.78462,0.103899
-3.28671,10.7159,0.114841
-3.16573,13.011,0.126625
-3.04474,15.8577,0.140013
-2.92376,18.9323,0.153092
-2.80278,23.2607,0.169756
-2.68179,28.5623,0.188228
-2.56081,34.4777,0.207134
-2.43983,41.9203,0.228699
-2.31884,50.5954,0.251593
-2.19786,59.7348,0.273857
-2.07688,69.1207,0.29511
-1.95589,79.0423,0.316136
-1.83491,87.7579,0.333602
-1.71393,97.2701,0.351635
-1.59295,107.061,0.369712
-1.47196,120.011,0.392218
-1.35098,134.377,0.416297
-1.23,151.091,0.442945
-1.10901,166.26,0.465715
-0.988029,178.461,0.483355
-0.867046,185.296,0.493232
-0.746063,186.361,0.494824
-0.62508,182.999,0.49023
-0.504097,179.239,0.48515
-0.383113,175.366,0.479914
-0.26213,173.265,0.477346
-0.141147,170.148,0.473231
-0.0201639,167.256,0.469805
0.100819,160.888,0.461203
0.221802,154.688,0.452561
0.342786,146.421,0.440422
0.463769,136.432,0.425539
0.584752,125.978,0.40913
0.705735,114.247,0.389702
0.826718,104.458,0.372909
0.947701,94.3322,0.354526
1.06868,83.774,0.334045
1.18967,74.2205,0.314404
1.31065,64.6595,0.293288
1.43163,55.4485,0.271495
1.55262,46.3209,0.247829
1.6736,38.6893,0.226305
1.79458,32.3037,0.206626
1.91557,27.1143,0.189262
2.03655,23.466,0.176075
2.15753,20.5473,0.16484
2.27852,17.9747,0.154204
2.3995,16.6876,0.148674
2.52048,15.4076,0.142857
2.64147,14.5449,0.138884
2.76245,13.3953,0.133345
2.88343,11.9907,0.126189
3.00442,11.0269,0.121104
3.1254,9.79733,0.114207
3.24638,8.57807,0.106862
3.36736,7.49263,0.0998913
3.48835,7.0033,0.0966461
3.60933,6.322,0.0918551
3.73031,5.78695,0.0879239
3.8513,5.31299,0.0842661
3.97228,5.12479,0.0828174
4.09326,4.77001,0.0799156
4.21425,4.24926,0.0754486
4.33523,4.08954,0.0740632
4.45621,4.01427,0.0734137
4.5772,3.75576,0.0710455
4.69818,3.6445,0.0700363
4.81916,3.37291,0.0674195
4.94015,3.33699,0.0670771
5.06113,3.03168,0.0640043
5.18211,2.7831,0.0613681
5.3031,2.64057,0.0598576
5.42408,2.50587,0.0583228
5.54506,2.46778,0.0578911
5.66605,2.3526,0.0565574
5.78703,2.22863,0.0550817
5.90801,2.11068,0.0536459
6.02899,2.14512,0.0541099
6.14998,2.03558,0.0526712
6.27096,2.03768,0.0527848
6.39194,1.92274,0.0512937
6.51293,1.91254,0.0512032
6.63391,1.79125,0.0495477
6.75489,1.7757,0.0493754
6.87588,1.73683,0.0488472
6.99686,1.70981,0.0485128
7.11784,1.69015,0.0482427
7.23883,1.7618,0.0492893
7.35981,1.72278,0.0487748
7.48079,1.68959,0.0483076
7.60178,1.72702,0.0488674
7.72276,1.57663,0.0466832
7.84374,1.64414,0.0477287
7.96473,1.62502,0.047481
8.08571,1.51473,0.04586
8.20669,1.57161,0.0467699
8.32767,1.49911,0.0456799
8.44866,1.3825,0.0439295
8.56964,1.41532,0.0445091
8.69062,1.23738,0.0416499
8.81161,1.14619,0.0401335
8.93259,1.03971,0.038265
9.05357,1.00792,0.0377263
9.17456,0.963205,0.036925
9.29554,0.967687,0.0370523
9.41652,0.915466,0.0360079
9.53751,0.833113,0.0344475
9.65849,0.861009,0.0350537
9.77947,0.810378,0.0340066
9.90046,0.792604,0.0336621
10.0214,0.764214,0.0330804
10.1424,0.690687,0.0314662
10.2634,0.644306,0.0304685
10.3844,0.725751,0.0323473
10.5054,0.669703,0.0310417
10.6264,0.591464,0.0292322
10.7473,0.634444,0.0303417
10.8683,0.623423,0.0300365
10.9893,0.56863,0.0287142
11.1103,0.546826,0.0282016
11.2313,0.555602,0.0284362
11.3523,0.579016,0.0290447
11.4732,0.540397,0.0281034
11.5942,0.608468,0.0298417
11.7152,0.555277,0.0284807
11.8362,0.574631,0.0290293
11.9572,0.574507,0.0290751
12.0782,0.534744,0.0280415
12.1991,0.561521,0.02875
12.3201,0.538843,0.0282178
12.4411,0.533188,0.0280788
12.5621,0.573766,0.02919
12.6831,0.512868,0.0275809
12.8041,0.556258,0.0287986
12.925,0.501051,0.0273336
13.046,0.518884,0.0278007
13.167,0.511612,0.0276127
13.288,0.504431,0.0274575
13.409,0.548829,0.0286604
13.53,0.474757,0.0266791
13.6509,0.461093,0.0263004
13.7719,0.474823,0.0266967
13.8929,0.413102,0.0249148
14.0139,0.484803,0.0270084
14.1349,0.454542,0.0262194
14.2559,0.399199,0.024535
14.3768,0.447981,0.0260202
14.4978,0.438868,0.0257623
14.6188,0.392176,0.0243735
14.7398,0.415338,0.025103
14.8608,0.422211,0.0253251
14.9817,0.41377,0.0251151
15.1027,0.438329,0.0258416
15.2237,0.385586,0.0242502
15.3447,0.390095,0.0244528
15.4657,0.420087,0.0253598
15.5867,0.396558,0.0246582
15.7076,0.399173,0.0247759
15.8286,0.371519,0.0239456
15.9496,0.368681,0.0238295
16.0706,0.389151,0.0244794
16.1916,0.356465,0.0234502
16.3126,0.375582,0.0240982
16.4335,0.36277,0.0236946
16.5545,0.353373,0.0234243
16.6755,0.360247,0.0236424
16.7965,0.397551,0.0248484
16.9175,0.360501,0.0236749
17.0385,0.365178,0.0238488
17.1594,0.382538,0.02442
17.2804,0.299905,0.0216045
17.4014,0.339012,0.0230219
17.5224,0.303402,0.0217855
17.6434,0.355986,0.0235831
17.7644,0.288169,0.021274
17.8853,0.32044,0.0224362
18.0063,0.329641,0.0227707
18.1273,0.34401,0.0232906
18.2483,0.331718,0.0229447
18.3693,0.30325,0.0218749
18.4903,0.293658,0.0216155
18.6112,0.329368,0.0228857
18.7322,0.318412,0.0224868
18.8532,0.369776,0.0242309
18.9742,0.322478,0.0226553
19.0952,0.325705,0.0227649
19.2162,0.327523,0.0227983
19.3371,0.34582,0.0235463
19.4581,0.325759,0.022878
19.5791,0.363351,0.0241221
19.7001,0.340885,0.0233811
19.8211,0.367921,0.0243373
19.9421,0.309227,0.0223178
20.063,0.307448,0.0221863
20.184,0.346542,0.0235803
20.305,0.315102,0.0225238
20.426,0.299767,0.0219733
20.547,0.343046,0.0235497
20.668,0.360618,0.024167
20.7889,0.37224,0.0245668
20.9099,0.347077,0.0237054
21.0309,0.383833,0.0249478
21.1519,0.361236,0.0241857
21.2729,0.346511,0.0237346
21.3939,0.35776,0.0241389
21.5148,0.332163,0.0232441
21.6358,0.364767,0.024388
21.7568,0.344583,0.0237084
21.8778,0.355488,0.0240945
21.9988,0.327751,0.0231747
22.1198,0.368085,0.0245871
22.2407,0.342896,0.0237106
22.3617,0.380205,0.0249618
22.4827,0.36923,0.0246672
22.6037,0.403802,0.0257918
22.7247,0.377679,0.0249664
22.8457,0.408476,0.025924
22.9666,0.373681,0.0248165
23.0876,0.374165,0.0248814
23.2086,0.390569,0.0254461
23.3296,0.370549,0.0247883
23.4506,0.411897,0.026114
23.5716,0.44007,0.0270604
23.6925,0.392765,0.0256113
23.8135,0.422738,0.0265336
23.9345,0.383829,0.0253277
24.0555,0.377879,0.0251351
24.1563,0.407581,0.0318965
24.2571,0.411825,0.0136147
24.3784,0.420585,0.0136873
24.5003,0.422984,0.0136743
24.6228,0.403333,0.0133074
24.7459,0.421405,0.0135902
24.8696,0.398661,0.0131897
24.994,0.416732,0.0134388
25.119,0.405243,0.0132218
25.2446,0.413941,0.0133207
25.3708,0.419906,0.0133996
25.4976,0.430634,0.0135172
25.6251,0.430847,0.0134826
25.7533,0.42132,0.013294
25.882,0.435215,0.0134768
26.0114,0.44082,0.0135453
26.1415,0.422879,0.0132254
26.2722,0.446239,0.0135371
26.4036,0.451296,0.0136064
26.5356,0.460373,0.0137053
26.6682,0.461572,0.013676
26.8016,0.451207,0.0135018
26.9356,0.443963,0.013323
27.0703,0.456333,0.0134901
27.2056,0.446539,0.0133251
27.3417,0.466032,0.0135748
27.4784,0.452505,0.0133365
27.6158,0.478036,0.0136721
27.7538,0.478889,0.0136581
27.8926,0.486041,0.013722
28.0321,0.494596,0.0138218
28.1722,0.479472,0.0135838
28.3131,0.501156,0.013858
28.4547,0.501795,0.0138342
28.5969,0.491704,0.013676
28.7399,0.487166,0.0135464
28.8836,0.519027,0.0139677
29.028,0.521359,0.013956
29.1732,0.500822,0.0136574
29.319,0.523171,0.0139375
29.4656,0.537104,0.0140914
29.613,0.540003,0.014104
29.761,0.552839,0.0142308
29.9098,0.545078,0.0141202
30.0594,0.562847,0.0142745
30.2097,0.522594,0.0137516
30.3607,0.549646,0.0140519
30.5125,0.560249,0.0141822
30.6651,0.575811,0.0143324
30.8184,0.576226,0.0142983
30.9725,0.596283,0.014526
31.1274,0.588614,0.0143994
31.283,0.599969,0.0145211
31.4394,0.603138,0.0145197
31.5966,0.5783,0.014185
31.7546,0.594895,0.0143726
31.9134,0.631267,0.014764
32.0729,0.600335,0.0143566
32.2333,0.628023,0.0146518
32.3945,0.651443,0.0148992
32.5564,0.659281,0.0149474
32.7192,0.635395,0.0146543
32.8828,0.661701,0.0149185
33.0472,0.628268,0.0145053
33.2125,0.683944,0.0150974
33.3785,0.678818,0.0150021
33.5454,0.6731,0.0149159
33.7132,0.686212,0.0150307
33.8817,0.697454,0.0151271
34.0511,0.706024,0.0151831
34.2214,0.691434,0.0149755
34.3925,0.711863,0.0151645
34.5645,0.710586,0.0151326
34.7373,0.725623,0.0152592
34.911,0.708939,0.0150505
35.0855,0.730512,0.0152454
35.2609,0.713992,0.0150121
35.4373,0.729551,0.0151509
35.6144,0.745602,0.0153024
35.7925,0.752966,0.0153409
35.9715,0.789863,0.0156642
36.1513,0.78065,0.0155496
36.3321,0.755532,0.0152742
36.5137,0.792257,0.0156025
36.6963,0.832221,0.0159437
36.8798,0.845909,0.0160491
37.0642,0.843599,0.0159906
37.2495,0.837633,0.0159093
37.4358,0.827958,0.0157658
37.6229,0.857475,0.0160023
37.8111,0.845712,0.0158642
38.0001,0.846538,0.0158326
38.1901,0.869573,0.0160218
38.3811,0.909326,0.0163338
38.573,0.9047,0.0162576
38.7658,0.936068,0.0164952
38.9597,0.919712,0.0163395
39.1545,0.942555,0.0164912
39.3502,0.939704,0.0164308
39.547,0.956426,0.0165494
39.7447,0.935045,0.0163242
39.9434,0.969749,0.0165923
40.1432,0.981593,0.0166497
40.3439,1.00403,0.0167996
40.5456,1.00608,0.0167891
40.7483,1.02451,0.0169087
40.9521,1.03699,0.0169614
41.1568,1.05218,0.0170584
41.3626,1.03793,0.0169025
41.5694,1.06884,0.0171242
41.7773,1.0601,0.0170182
41.9862,1.08531,0.0171727
42.1961,1.12631,0.0174623
42.4071,1.10374,0.017256
42.6191,1.0991,0.01718
42.8322,1.10727,0.0172034
43.0464,1.09717,0.0170835
43.2616,1.13675,0.0173612
43.4779,1.16092,0.0175077
43.6953,1.16078,0.0174673
43.9138,1.15111,0.0173552
44.1333,1.14306,0.0172608
44.354,1.123,0.0170724
44.5758,1.19162,0.0175478
44.7987,1.181,0.0174284
45.0226,1.1543,0.0171938
45.2478,1.20739,0.0175534
45.474,1.19136,0.0174161
45.7014,1.20164,0.0174445
45.9299,1.24113,0.0176849
46.1595,1.21766,0.0174825
46.3903,1.21557,0.0174332
46.6223,1.2293,0.0174818
46.8554,1.2668,0.0177192
47.0897,1.2364,0.0174744
47.3251,1.24445,0.0174905
47.5617,1.24398,0.0174584
47.7995,1.25642,0.0175135
48.0385,1.26745,0.017561
48.2787,1.27976,0.0176077
48.5201,1.25638,0.0174009
48.7627,1.26177,0.0174068
49.0065,1.27195,0.017444
49.2516,1.25733,0.0173082
49.4978,1.29448,0.0175263
49.7453,1.28498,0.0174319
49.994,1.31034,0.0175661
50.244,1.32209,0.017615
50.4952,1.3275,0.0176197
50.7477,1.34303,0.0176847
51.0015,1.33588,0.017615
51.2565,1.3457,0.0176496
51.5127,1.36133,0.0177184
51.7703,1.38704,0.0178421
52.0292,1.39919,0.0178937
52.2893,1.3857,0.0177804
52.5507,1.38945,0.0177626
52.8135,1.40947,0.0178549
53.0776,1.44002,0.0180241
53.343,1.45812,0.0181067
53.6097,1.44797,0.0180105
53.8777,1.45536,0.0180337
54.1471,1.44076,0.0179058
54.4178,1.49569,0.0182252
54.6899,1.5397,0.018452
54.9634,1.5075,0.0182223
55.2382,1.51374,0.0182353
55.5144,1.49548,0.0180923
55.792,1.55731,0.0184369
56.0709,1.55344,0.0183789
56.3513,1.54373,0.0182912
56.633,1.55436,0.0183324
56.9162,1.57739,0.0184218
57.2008,1.57858,0.0184114
57.4868,1.56924,0.0183203
57.7742,1.56696,0.0182858
58.0631,1.58563,0.0183703
58.3534,1.57475,0.0182754
58.6452,1.59987,0.0183892
58.9384,1.57137,0.018194
59.2331,1.60362,0.0183462
59.5293,1.60124,0.018311
59.8269,1.61294,0.0183475
60.126,1.57038,0.0180741
60.4267,1.58702,0.0181368
60.7288,1.53253,0.0177951
61.0324,1.58471,0.0180605
61.3376,1.53959,0.0177674
61.6443,1.51143,0.0175894
61.9525,1.52495,0.0176403
62.2623,1.49765,0.0174471
62.5736,1.50154,0.0174473
62.8865,1.43639,0.0170387
63.2009,1.43865,0.0170243
63.5169,1.42725,0.0169323
63.8345,1.369,0.0165488
64.1537,1.3693,0.0165268
64.4744,1.34898,0.0163859
64.7968,1.32183,0.0161956
65.1208,1.3546,0.0163682
65.4464,1.33413,0.0162235
65.7736,1.29905,0.0159866
66.1025,1.31702,0.0160685
66.433,1.30428,0.0159705
66.7652,1.30411,0.0159497
67.099,1.30388,0.0159261
67.4345,1.27483,0.0157325
67.7716,1.30093,0.0158663
68.1105,1.31542,0.0159356
68.4511,1.29853,0.0158116
68.7933,1.32719,0.0159685
69.1373,1.33053,0.0159604
69.483,1.32597,0.0159187
69.8304,1.33067,0.0159216
70.1795,1.34441,0.0159838
70.5304,1.38407,0.016204
70.8831,1.40374,0.0163025
71.2375,1.43167,0.0164402
71.5937,1.41498,0.0163264
71.9517,1.44958,0.0165033
72.3114,1.46307,0.0165602
72.673,1.50007,0.0167514
73.0363,1.51313,0.0168045
73.4015,1.53683,0.0169143
73.7685,1.53448,0.0168762
74.1374,1.55748,0.016986
74.5081,1.60448,0.0172146
74.8806,1.58178,0.0170764
75.255,1.59405,0.0171136
75.6313,1.60144,0.0171278
76.0094,1.59416,0.017067
76.3895,1.62571,0.0172109
76.7714,1.63087,0.0172164
77.1553,1.61284,0.0170957
77.5411,1.63778,0.0172049
77.9288,1.6267,0.0171166
78.3184,1.64477,0.0171863
78.71,1.6562,0.0172196
79.1035,1.61852,0.0169952
79.4991,1.63228,0.0170418
79.8966,1.64992,0.0171123
80.296,1.61835,0.0169253
80.6975,1.63019,0.0169607
81.101,1.66122,0.0171039
81.5065,1.66625,0.017105
81.9141,1.66085,0.017056
82.3236,1.68532,0.0171597
82.7352,1.63947,0.0168946
83.1489,1.61577,0.0167572
83.5647,1.58688,0.0165878
83.9825,1.56812,0.0164678
84.4024,1.55237,0.0163671
84.8244,1.55424,0.0163559
85.2485,1.49977,0.0160533
85.6748,1.51806,0.0161229
86.1031,1.48633,0.0159361
86.5337,1.44043,0.0156699
86.9663,1.4603,0.015764
87.4012,1.40397,0.0154345
87.8382,1.39699,0.0153828
88.2774,1.39773,0.0153616
88.7187,1.37942,0.0152376
89.1623,1.39289,0.0152929
89.6082,1.39711,0.0152894
90.0562,1.41355,0.0153581
90.5065,1.44241,0.0154903
90.959,1.47261,0.0156224
91.4138,1.50783,0.0157859
91.8709,1.52678,0.0158557
92.3302,1.55205,0.0159667
92.7919,1.57252,0.0160566
93.2558,1.59032,0.0161204
93.7221,1.64518,0.0163624
94.1907,1.70128,0.0166208
94.6617,1.72533,0.0167126
95.135,1.79314,0.0170039
95.6107,1.82142,0.0171237
96.0887,1.91109,0.0175168
96.5692,1.94926,0.0176613
97.052,2.03289,0.0180089
97.5373,2.12395,0.0183833
98.0249,2.17065,0.0185532
98.5151,2.17485,0.0185478
99.0076,2.23184,0.0187624
99.5027,2.22962,0.018735
100,2.25669,0.0188171
100.5,2.24894,0.0187505
101.003,2.28266,0.0188775
101.508,2.2897,0.0188694
102.015,2.31274,0.0189392
102.525,2.32153,0.018952
103.038,2.32704,0.0189448
103.553,2.32491,0.018909
104.071,2.32056,0.0188681
104.591,2.32458,0.0188561
105.114,2.33246,0.0188671
105.64,2.33321,0.0188421
106.168,2.36407,0.0189465
106.699,2.36923,0.0189413
107.232,2.40774,0.019075
107.768,2.41772,0.0190937
108.307,2.44745,0.0191821
108.849,2.44102,0.0191354
109.393,2.41537,0.0190183
109.94,2.42524,0.0190338
110.49,2.4841,0.0192394
111.042,2.43228,0.0190125
111.597,2.45758,0.019095
112.155,2.4306,0.0189684
112.716,2.43255,0.01896
113.28,2.41798,0.0188874
113.846,2.42641,0.0189032
114.415,2.41032,0.0188252
114.987,2.43027,0.0188836
115.562,2.46015,0.0189883
116.14,2.43771,0.0188879
116.721,2.46544,0.0189762
117.305,2.4645,0.0189608
117.891,2.46549,0.0189499
118.481,2.45838,0.0189076
119.073,2.47637,0.0189607
119.668,2.50313,0.0190606
120.267,2.55056,0.0192224
120.868,2.55835,0.0192493
121.472,2.56202,0.0192537
122.08,2.56605,0.0192494
122.69,2.62614,0.0194636
123.304,2.65629,0.0195605
123.92,2.68959,0.0196759
124.54,2.76056,0.0199149
125.162,2.77023,0.0199403
125.788,2.83272,0.0201461
126.417,2.85929,0.0202312
127.049,2.84637,0.0201779
127.684,2.77801,0.0199231
128.323,2.73237,0.0197465
128.964,2.63993,0.019392
129.609,2.60707,0.0192593
130.257,2.45669,0.0186828
130.909,2.37635,0.0183641
131.563,2.2863,0.0179999
132.221,2.18868,0.0176002
132.882,2.10692,0.017254
133.546,2.08034,0.0171366
134.214,2.0085,0.0168183
134.885,1.94721,0.0165519
135.56,1.88593,0.0162831
136.238,1.78485,0.0158263
136.919,1.72512,0.0155477
137.603,1.66078,0.0152489
138.291,1.58935,0.0149028
138.983,1.57393,0.0148185
139.678,1.54571,0.0146732
140.376,1.49879,0.0144414
141.078,1.45255,0.0142021
141.783,1.47643,0.0143093
142.492,1.48675,0.014356
143.205,1.50878,0.0144484
143.921,1.54228,0.0146053
144.64,1.60006,0.0148646
145.364,1.6104,0.0149068
146.09,1.60828,0.0148912
146.821,1.63379,0.0149997
147.555,1.62449,0.0149401
148.293,1.67176,0.0151523
149.034,1.67389,0.0151541
149.779,1.71274,0.0153217
150.528,1.7032,0.0152692
151.281,1.71102,0.0153018
152.037,1.7259,0.0153589
152.797,1.7221,0.015328
153.561,1.73505,0.0153803
154.329,1.71777,0.0152922
155.101,1.71322,0.0152649
155.876,1.68498,0.0151337
156.656,1.6557,0.0149894
157.439,1.62599,0.0148521
158.226,1.64847,0.0149526
159.017,1.63047,0.0148698
159.812,1.61862,0.0148071
160.612,1.63934,0.0148982
161.415,1.61464,0.0147824
162.222,1.64724,0.0149297
163.033,1.66632,0.0150126
163.848,1.71048,0.0152068
164.667,1.72766,0.0152807
165.491,1.78434,0.0155307
166.318,1.82941,0.0157212
167.15,1.90026,0.0160317
167.985,1.92741,0.0161414
168.825,1.9372,0.0161847
169.669,1.98432,0.0163778
170.518,1.9763,0.0163438
171.37,1.99945,0.0164423
172.227,1.98669,0.0163885
173.088,1.9701,0.0163204
173.954,1.94559,0.0162243
174.823,1.9309,0.0161576
175.698,1.90881,0.0160627
176.576,1.90208,0.016037
177.459,1.84552,0.0157944
178.346,1.8408,0.0157731
179.238,1.76928,0.0154681
180.134,1.7751,0.0154872
181.035,1.73765,0.0153222
181.94,1.71417,0.0152221
182.85,1.64277,0.0148972
183.764,1.605,0.014717
184.683,1.59766,0.0146833
185.606,1.56376,0.0145243
186.534,1.51507,0.0142964
187.467,1.45518,0.0140046
188.404,1.42029,0.0138374
189.346,1.40987,0.0137841
190.293,1.38069,0.0136393
191.244,1.37941,0.0136303
192.201,1.34154,0.0134402
193.162,1.32573,0.0133613
194.128,1.30911,0.0132749
195.098,1.31019,0.0132779
196.074,1.27441,0.0130899
197.054,1.27243,0.0130834
198.039,1.26463,0.0130413
199.029,1.26657,0.0130441
200.025,1.25857,0.0130046
201.025,1.22745,0.0128387
202.03,1.26089,0.0130181
203.04,1.24687,0.0129383
204.055,1.26609,0.0130355
205.075,1.23565,0.0128789
206.101,1.24988,0.0129562
207.131,1.24472,0.0129251
208.167,1.23758,0.01289
209.208,1.24406,0.0129217
210.254,1.25294,0.0129714
211.305,1.23727,0.0128898
212.362,1.27298,0.0130766
213.424,1.26045,0.0130143
214.491,1.22814,0.0128488
215.563,1.25244,0.0129759
216.641,1.27913,0.0131205
217.724,1.27012,0.0130766
218.813,1.28929,0.0131838
219.907,1.31197,0.0132992
221.006,1.31322,0.0133112
222.111,1.30119,0.0132546
223.222,1.30404,0.0132662
224.338,1.31642,0.0133337
225.46,1.33307,0.013413
226.587,1.33677,0.0134366
227.72,1.31165,0.0133113
228.859,1.33096,0.0134068
230.003,1.34037,0.0134419
231.153,1.29587,0.0132156
232.309,1.30714,0.0132775
233.47,1.27006,0.0130814
234.638,1.27788,0.0131238
235.811,1.24738,0.0129714
236.99,1.27307,0.0130977
238.175,1.24634,0.0129586
239.366,1.23041,0.0128725
240.562,1.22118,0.0128231
241.765,1.22605,0.0128504
242.974,1.22235,0.0128306
244.189,1.19824,0.012709
245.41,1.19483,0.0126903
246.637,1.17853,0.0126086
247.87,1.16371,0.0125265
249.109,1.15277,0.0124693
250.355,1.14565,0.0124358
251.607,1.15024,0.0124662
252.865,1.15013,0.0124632
254.129,1.12469,0.012324
255.4,1.09923,0.0121791
256.677,1.08826,0.0121169
257.96,1.09731,0.0121748
259.25,1.08223,0.0120876
260.546,1.07288,0.0120412
261.849,1.08779,0.0121304
263.158,1.0895,0.0121394
264.474,1.05371,0.0119315
265.796,1.05721,0.0119616
267.125,1.05596,0.011952
268.461,1.05653,0.0119604
269.803,1.07134,0.0120519
271.152,1.06786,0.0120382
272.508,1.06584,0.0120378
273.871,1.0533,0.0119691
275.24,1.05826,0.0119975
276.616,1.07032,0.0120662
277.999,1.06516,0.012047
279.389,1.07273,0.0120943
280.786,1.07317,0.0121038
282.19,1.05134,0.0119879
283.601,1.07611,0.0121306
285.019,1.07311,0.0121253
286.444,1.06521,0.0120842
287.876,1.06081,0.0120707
289.316,1.06457,0.0120996
290.762,1.08054,0.0121982
292.216,1.0563,0.0120717
293.677,1.05832,0.0120897
295.146,1.0723,0.0121803
296.621,1.05182,0.0120753
298.104,1.04294,0.0120389
299.595,1.02807,0.0119632
301.093,1.04234,0.0120543
302.598,1.02244,0.0119521
304.111,1.017,0.0119371
305.632,0.994637,0.0118167
307.16,0.990978,0.0117991
308.696,0.986791,0.0117894
310.239,0.990897,0.0118271
311.791,0.987952,0.0118215
313.35,0.977774,0.0117757
314.916,0.976944,0.0117887
316.491,0.973084,0.0117763
318.073,0.979561,0.0118226
319.664,0.977584,0.0118322
321.262,0.946188,0.0116539
322.868,0.942969,0.0116426
324.483,0.927925,0.0115698
326.105,0.937189,0.0116474
327.736,0.936363,0.0116566
329.374,0.92317,0.011591
331.021,0.947408,0.0117623
332.676,0.925555,0.0116394
334.34,0.94456,0.0117701
336.011,0.93322,0.0117214
337.691,0.947019,0.0118204
339.38,0.946117,0.0118282
341.077,0.936601,0.01178
342.782,0.94375,0.0118405
344.496,0.932909,0.0117859
346.218,0.936923,0.0118299
347.95,0.912167,0.0116892
349.689,0.913614,0.0117096
351.438,0.885455,0.0115402
353.195,0.865745,0.0114268
354.961,0.853332,0.0113564
356.736,0.85939,0.0114132
358.519,0.823708,0.0111939
360.312,0.807144,0.0110989
362.114,0.800263,0.0110644
363.924,0.798419,0.0110711
365.744,0.788629,0.0110132
367.572,0.777193,0.0109497
369.41,0.764493,0.010873
371.257,0.760779,0.0108637
373.114,0.776177,0.0109942
374.979,0.741168,0.010759
376.854,0.754741,0.0108776
378.738,0.749936,0.0108635
380.632,0.738918,0.0107883
382.535,0.75649,0.0109383
384.448,0.74611,0.0108816
386.37,0.749891,0.0109295
388.302,0.743162,0.0108981
390.244,0.722059,0.0107586
392.195,0.713019,0.0107049
394.156,0.721816,0.0107878
396.127,0.698032,0.0106276
398.107,0.704769,0.010694
400.098,0.69814,0.0106595
402.098,0.707737,0.0107456
404.109,0.711828,0.0108015
406.129,0.695209,0.0106953
408.16,0.696828,0.0107269
410.201,0.707742,0.0108341
412.252,0.694315,0.0107519
414.313,0.692894,0.0107635
416.384,0.682269,0.0106968
418.466,0.6975,0.0108391
420.559,0.696585,0.010847
422.662,0.690214,0.0108247
424.775,0.674093,0.0107206
426.899,0.66692,0.0106906
429.033,0.668592,0.0107165
431.178,0.657506,0.0106507
433.334,0.645522,0.0105692
435.501,0.627339,0.0104539
437.678,0.63937,0.0105689
439.867,0.644037,0.0106217
442.066,0.619033,0.0104365
444.276,0.625762,0.0105226
446.498,0.622082,0.0105092
448.73,0.621219,0.0105188
450.974,0.633731,0.0106448
453.229,0.622023,0.0105704
455.495,0.607349,0.0104712
457.773,0.609794,0.0105164
460.061,0.617747,0.0106021
462.362,0.605284,0.0105131
464.673,0.60542,0.0105487
466.997,0.604687,0.010566
469.332,0.598074,0.0105307
471.679,0.601779,0.010577
474.037,0.588372,0.010488
476.407,0.582488,0.0104656
478.789,0.591201,0.0105728
481.183,0.573573,0.0104301
483.589,0.59426,0.0106482
486.007,0.580877,0.0105502
488.437,0.577261,0.0105474
490.879,0.562829,0.0104418
493.334,0.567367,0.0105118
495.8,0.542959,0.0102938
498.279,0.5409,0.0103027
500.771,0.540854,0.0103234
503.274,0.537777,0.0103152
505.791,0.547344,0.010431
508.32,0.529609,0.010283
510.861,0.52389,0.0102599
513.416,0.529455,0.0103454
515.983,0.515171,0.0102297
518.563,0.509497,0.010192
521.155,0.53251,0.0104575
523.761,0.517354,0.0103359
526.38,0.505658,0.0102296
529.012,0.507403,0.0102873
531.657,0.504111,0.0102824
534.315,0.508784,0.0103509
536.987,0.493119,0.0102153
539.672,0.47175,0.01002
542.37,0.48069,0.0101508
545.082,0.486582,0.0102363
547.807,0.492061,0.0103236
550.546,0.467979,0.0101035
553.299,0.468671,0.0101303
556.066,0.453351,0.00998704
558.846,0.458456,0.010083
561.64,0.459058,0.0101194
564.448,0.463951,0.0102007
567.271,0.456908,0.0101515
570.107,0.453876,0.0101436
572.958,0.469009,0.0103358
575.822,0.462322,0.0102888
578.702,0.460929,0.0103074
581.595,0.443226,0.0101383
584.503,0.466296,0.0104301
587.426,0.44505,0.0102137
590.363,0.436066,0.0101435
593.314,0.459836,0.0104455
596.281,0.449418,0.010356
599.262,0.452071,0.0104256
602.259,0.435324,0.0102638
605.27,0.428408,0.010216
608.296,0.420261,0.0101436
611.338,0.410523,0.010051
614.395,0.429918,0.0103237
617.467,0.419205,0.0102161
620.554,0.419236,0.0102537
623.657,0.405252,0.0101158
626.775,0.399018,0.0100708
629.909,0.416852,0.0103265
633.058,0.384023,0.00993573
636.224,0.396492,0.0101225
639.405,0.403416,0.0102597
642.602,0.40758,0.0103361
645.815,0.396751,0.010227
649.044,0.38698,0.0101309
652.289,0.385258,0.0101455
655.551,0.387017,0.0102022
658.828,0.395306,0.0103271
662.122,0.386094,0.0102479
665.433,0.390159,0.0103318
668.76,0.385808,0.0103124
672.104,0.362384,0.0100329
675.464,0.366857,0.0101123
678.842,0.377308,0.0102949
682.236,0.399139,0.0106313
685.647,0.460723,0.0114675
689.075,0.514201,0.0121327
692.521,0.602059,0.013171
695.983,0.690163,0.0141482
699.463,0.725899,0.0145634
702.961,0.712095,0.0144728
706.475,0.659113,0.0139521
710.008,0.633233,0.0137203
713.558,0.607383,0.0134886
717.126,0.593094,0.0133719
720.711,0.584707,0.0133322
724.315,0.583311,0.0133571
727.936,0.579418,0.0133506
731.576,0.579787,0.0134058
735.234,0.580092,0.013465
738.91,0.579257,0.0134941
742.605,0.575164,0.0134801
746.318,0.580356,0.0135878
750.049,0.545544,0.0132252
753.8,0.55245,0.0133388
757.569,0.563892,0.0135277
761.356,0.616412,0.0141888
765.163,0.618157,0.0142535
768.989,0.623328,0.0143547
772.834,0.63829,0.0145804
776.698,0.630455,0.0145475
780.582,0.657285,0.0149036
784.485,0.606759,0.0143453
788.407,0.586885,0.0141471
792.349,0.584498,0.0141818
796.311,0.55844,0.0139004
800.292,0.529097,0.0135832
804.294,0.524971,0.0135772
808.315,0.504029,0.0133505
812.357,0.481073,0.0130962
816.419,0.466175,0.0129352
820.501,0.473906,0.0130803
824.603,0.493504,0.013393
828.726,0.4613,0.0130036
832.87,0.467068,0.0131337
837.034,0.462035,0.0130982
841.219,0.455167,0.0130456
845.425,0.461425,0.0131725
849.653,0.436057,0.0128206
853.901,0.457522,0.013202
858.17,0.45484,0.013229
862.461,0.449005,0.013196
866.773,0.431302,0.0129755
871.107,0.430341,0.012998
875.463,0.420952,0.0129003
879.84,0.406748,0.0127251
884.239,0.417624,0.0129636
888.661,0.391667,0.012579
893.104,0.382017,0.0124676
897.569,0.38419,0.0125369
902.057,0.390482,0.0126953
906.568,0.39121,0.0127645
911.1,0.384103,0.0126786
915.656,0.363267,0.012368
920.234,0.378084,0.0126708
924.835,0.36524,0.0124916
929.46,0.375197,0.0127063
934.107,0.345269,0.0122386
938.777,0.34582,0.0122881
943.471,0.339317,0.0122404
948.189,0.344514,0.0123728
952.93,0.343795,0.012416
957.694,0.321049,0.0120347
962.483,0.301262,0.0117103
967.295,0.316588,0.0120298
972.132,0.3279,0.0122787
976.992,0.301522,0.0118375
981.877,0.30591,0.0119481
986.787,0.303189,0.0119376
991.72,0.297727,0.0118869
996.679,0.306175,0.0120973
1001.66,0.315502,0.012338
1006.67,0.299382,0.0120455
1011.7,0.307721,0.0122706
1016.76,0.32195,0.0125922
1021.85,0.327548,0.0127574
1026.96,0.331697,0.0128846
1032.09,0.318088,0.0126643
1037.25,0.313993,0.0126234
1042.44,0.291267,0.0122084
1047.65,0.288737,0.0121969
1052.89,0.299815,0.0124547
1058.15,0.275231,0.012004
1063.44,0.299859,0.0125793
1068.76,0.294245,0.0125074
1074.1,0.282451,0.0122951
1079.47,0.284901,0.0124096
1084.87,0.270106,0.0121489
1090.3,0.286726,0.0125365
1095.75,0.307534,0.0130612
1101.23,0.316775,0.01329
1106.73,0.391044,0.0148178
1112.27,0.41438,0.0153225
1117.83,0.470755,0.0164127
1123.42,0.529843,0.0174419
1129.03,0.527314,0.0174387
1134.68,0.505413,0.0171396
1140.35,0.50244,0.0171666
1146.05,0.519179,0.0175294
1151.78,0.552082,0.0181203
1157.54,0.529982,0.0178205
1163.33,0.565419,0.0184565
1169.15,0.494045,0.0173066
1174.99,0.42768,0.0161751
1180.87,0.382059,0.0153721
1186.77,0.368847,0.0151552
1192.71,0.385722,0.0156068
1198.67,0.406042,0.0160991
1204.66,0.38602,0.0157217
1210.69,0.391706,0.0158898
1216.74,0.405121,0.016219
1222.82,0.405411,0.0163089
1228.94,0.382686,0.0159297
1235.08,0.430898,0.0169522
1241.26,0.40197,0.0164179
1247.46,0.402524,0.0165159
1253.7,0.406991,0.0166617
1259.97,0.434586,0.0172864
1266.27,0.426586,0.0172242
1272.6,0.420746,0.0171672
1278.96,0.404369,0.0168766
1285.36,0.418807,0.0172539
1291.79,0.418389,0.0173387
1298.24,0.412209,0.0172636
1304.74,0.398198,0.0170464
1311.26,0.373676,0.016564
1317.82,0.370519,0.0165994
1324.41,0.398904,0.0172862
1331.03,0.407,0.0175212
1337.68,0.423205,0.0179391
1344.37,0.390619,0.0172955
1351.09,0.365091,0.0167693
1357.85,0.415486,0.0179555
1364.64,0.406408,0.017844
1371.46,0.463319,0.0191205
1378.32,0.449321,0.0189011
1385.21,0.481243,0.0197206
1392.14,0.476381,0.019659
1399.1,0.486962,0.019951
1406.09,0.521408,0.0206854
1413.12,0.52987,0.0209348
1420.19,0.571366,0.0218492
1427.29,0.642526,0.0232794
1434.43,0.679457,0.0240079
1441.6,0.691327,0.0242706
1448.81,0.715476,0.0248102
1456.05,0.732157,0.0251871
1463.33,0.721449,0.0251123
1470.65,0.687329,0.024619
1478,0.674227,0.024514
1485.39,0.650747,0.0241741
1492.82,0.632869,0.0238945
1500.28,0.655252,0.0244178
1507.78,0.675948,0.0249198
1515.32,0.655778,0.0246546
1522.9,0.657351,0.0247468
1530.51,0.640886,0.0244911
1538.16,0.611929,0.0240792
1545.86,0.687926,0.0256421
1553.58,0.667539,0.0253255
1561.35,0.665356,0.0253692
1569.16,0.674791,0.0256202
1577,0.659197,0.0254768
1584.89,0.651082,0.0254426
1592.81,0.639034,0.0252851
1600.78,0.649847,0.0255389
1608.78,0.669686,0.0260635
1616.83,0.618377,0.0251428
1624.91,0.622173,0.0252577
1633.03,0.645338,0.0258568
1641.2,0.602724,0.0251347
1649.41,0.593108,0.0249676
1657.65,0.571689,0.0246733
1665.94,0.589719,0.0251176
1674.27,0.574497,0.0249066
1682.64,0.58991,0.0253202
1691.06,0.594127,0.0255056
1699.51,0.586047,0.025454
1708.01,0.602143,0.025907
1716.55,0.601627,0.0259244
1725.13,0.592748,0.0258533
1733.76,0.573062,0.02551
1742.43,0.56466,0.0253744
1751.14,0.584589,0.025902
1759.89,0.535083,0.0249018
1768.69,0.563755,0.025635
1777.54,0.561801,0.025691
1786.42,0.565932,0.0259161
1795.36,0.535096,0.0252469
1804.33,0.542963,0.0254956
1813.35,0.552173,0.0258159
1822.42,0.50975,0.0249208
1831.53,0.517507,0.0252099
1840.69,0.531277,0.0256372
1849.89,0.468265,0.0241255
1859.14,0.498027,0.0249183
1868.44,0.514981,0.0254613
1877.78,0.497174,0.0251152
1887.17,0.494459,0.0251673
1896.61,0.497122,0.0252896
1906.09,0.520867,0.0259131
1915.62,0.506008,0.0256605
1925.2,0.525939,0.026271
1934.82,0.509442,0.0259535
1944.5,0.45331,0.0245569
1954.22,0.478026,0.0253324
1963.99,0.484366,0.0254788
1973.81,0.497882,0.0260277
1983.68,0.502771,0.0262284
1993.6,0.472181,0.0253809
2003.57,0.47117,0.025516
2013.59,0.47372,0.0256614
2023.65,0.485904,0.0260406
2033.77,0.476281,0.0259181
2043.94,0.443676,0.0251555
2054.16,0.465761,0.0258511
2064.43,0.461458,0.0257223
2074.75,0.445245,0.0253442
2085.13,0.442071,0.0254639
2095.55,0.463327,0.0260835
2106.03,0.487935,0.0268457
2116.56,0.466278,0.0263894
2127.14,0.454589,0.0260437
2137.78,0.444549,0.0259228
2148.47,0.438871,0.0258155
2159.21,0.462016,0.0265061
2170.01,0.410118,0.0250593
2180.86,0.416925,0.0253396
2191.76,0.433201,0.0258862
2202.72,0.408571,0.0252887
2213.73,0.424508,0.0259317
2224.8,0.443102,0.0264971
2235.93,0.457506,0.026982
2247.11,0.433091,0.0263312
2258.34,0.395258,0.0252596
2269.63,0.389829,0.0251634
2280.98,0.421619,0.0262138
2292.39,0.40446,0.025732
2303.85,0.408174,0.0258646
2315.37,0.400188,0.0256059
2326.94,0.406417,0.0259665
2338.58,0.388498,0.0255996
2350.27,0.380955,0.0254033
2362.02,0.405664,0.0262582
2373.83,0.417886,0.0267502
2385.7,0.421061,0.0268508
2397.63,0.357308,0.0248633
2409.62,0.409356,0.026648
2421.67,0.38594,0.025971
2433.77,0.393182,0.02628
2445.94,0.369348,0.0256156
2458.17,0.359701,0.025402
2470.46,0.410508,0.027189
2482.82,0.409161,0.0271738
2495.23,0.389064,0.0266074
2507.71,0.405736,0.0272911
2520.25,0.345836,0.0251889
2532.85,0.35214,0.0255342
2545.51,0.436571,0.0285251
2558.24,0.40235,0.0274884
2571.03,0.373465,0.0264931
2583.88,0.395228,0.0273555
2596.8,0.40063,0.0276449
2609.79,0.380695,0.0270564
2622.84,0.354657,0.0261441
2635.95,0.361544,0.0264136
2649.13,0.411456,0.0281735
2662.38,0.393569,0.0276828
2675.69,0.401821,0.0282282
2689.07,0.359413,0.0266448
2702.51,0.362127,0.0268594
2716.02,0.377016,0.0274442
2729.61,0.381224,0.0276827
2743.25,0.358972,0.0269089
2756.97,0.378147,0.0277496
2770.75,0.384795,0.0280908
2784.61,0.37309,0.0276498
2798.53,0.386327,0.0283003
2812.52,0.429106,0.029935
2826.59,0.417935,0.0295909
2840.72,0.406621,0.0292401
2854.92,0.410239,0.0295024
2869.2,0.433841,0.0304306
2883.54,0.420859,0.0300204
2897.96,0.416036,0.029847
2912.45,0.439589,0.030805
2927.01,0.470988,0.0319194
2941.65,0.483134,0.0324311
2956.36,0.472326,0.0322708
2971.14,0.478376,0.0326583
2985.99,0.48098,0.0326203
3000.92,0.527546,0.0343045
3015.93,0.538899,0.0348168
3031.01,0.49797,0.0335236
3046.16,0.477933,0.0329895
3061.39,0.503922,0.0338688
3076.7,0.507672,0.0341198
3092.08,0.506644,0.0343163
3107.54,0.526296,0.0351149
3123.08,0.584006,0.0369687
3138.7,0.541741,0.0357578
3154.39,0.552427,0.0361772
3170.16,0.57625,0.0370595
3186.01,0.510321,0.0349349
3201.94,0.545867,0.0363538
3217.95,0.556913,0.0367708
3234.04,0.564951,0.0370991
3250.21,0.5905,0.0380873
3266.47,0.62419,0.0393473
3282.8,0.59709,0.0384801
3299.21,0.569929,0.037834
3315.71,0.57463,0.0379993
3332.29,0.579868,0.0382726
3348.95,0.518691,0.0361748
3365.69,0.516618,0.0362666
3382.52,0.498897,0.0358197
3399.43,0.502087,0.0360723
3416.43,0.530716,0.0372611
3433.51,0.499093,0.0362749
3450.68,0.514371,0.0367296
3467.93,0.511882,0.0367453
3485.27,0.524882,0.0374657
3502.7,0.505815,0.0367993
3520.21,0.439717,0.0343894
3537.81,0.478866,0.036107
3555.5,0.491386,0.0366767
3573.28,0.487291,0.0366665
3591.15,0.481305,0.036534
3609.1,0.449571,0.0352721
3627.15,0.478966,0.0364679
3645.28,0.491704,0.0371499
3663.51,0.528075,0.03867
3681.83,0.478025,0.0369442
3700.24,0.481012,0.03718
3718.74,0.505705,0.038226
3737.33,0.445139,0.0360812
3756.02,0.373905,0.0330779
3774.8,0.47517,0.0373914
3793.67,0.432776,0.0358224
3812.64,0.4302,0.0356797
3831.7,0.475109,0.0376914
3850.86,0.427231,0.0357397
3870.12,0.408512,0.0350222
3889.47,0.393188,0.0346513
3908.92,0.410073,0.0355247
3928.46,0.404104,0.0352338
3948.1,0.413207,0.0357449
3967.84,0.422085,0.0360468
3987.68,0.424371,0.0363994
4007.62,0.413288,0.0360598
4027.66,0.409258,0.0358501
4047.8,0.423965,0.036872
4068.04,0.457351,0.0383148
4088.38,0.404532,0.036189
4108.82,0.406904,0.0363341
4129.36,0.404476,0.0362772
4150.01,0.425982,0.0374764
4170.76,0.464425,0.0391389
4191.61,0.451486,0.0386681
4212.57,0.434458,0.0380023
4233.63,0.448925,0.0387592
4254.8,0.443636,0.038756
4276.08,0.4017,0.0369717
4297.46,0.418161,0.0378308
4318.94,0.418412,0.0379426
4340.54,0.356377,0.0350165
4362.24,0.416599,0.0381013
4384.05,0.434851,0.0391244
4405.97,0.502632,0.0421254
4428,0.467429,0.0405952
4450.14,0.43708,0.0392542
4472.39,0.420678,0.0390799
4494.75,0.471664,0.0414506
4517.23,0.454899,0.0406441
4539.81,0.447598,0.0405581
4562.51,0.438651,0.0403003
4585.33,0.443979,0.0404337
4608.25,0.424671,0.0396399
4631.29,0.420532,0.0395844
4654.45,0.399803,0.0387468
4677.72,0.40768,0.0392649
4701.11,0.376015,0.0375633
4724.62,0.444867,0.0412296
4748.24,0.471311,0.0424257
4771.98,0.445151,0.0415161
4795.84,0.43728,0.0411003
4819.82,0.43518,0.0411049
4843.92,0.4215,0.0405442
4868.14,0.445435,0.0418446
4892.48,0.465691,0.0429729
4916.94,0.451924,0.0424387
4941.53,0.435778,0.041643
4966.23,0.437664,0.0418565
4991.07,0.44297,0.0422523
5016.02,0.45853,0.0431856
5041.1,0.46367,0.0434194
5066.31,0.449171,0.0429205
5091.64,0.407719,0.0410331
5117.1,0.422958,0.0419029
5142.68,0.461115,0.0438656
5168.4,0.448664,0.0434189
5194.24,0.403509,0.0411447
5220.21,0.415032,0.0419606
5246.31,0.391713,0.0411049
5272.54,0.395399,0.0413687
5298.9,0.394243,0.0412534
5325.4,0.389025,0.0410182
5352.03,0.393663,0.0413554
5378.79,0.389013,0.0412279
5405.68,0.428379,0.0434206
5432.71,0.441885,0.0441961
5459.87,0.434473,0.0438196
5487.17,0.408952,0.0425905
5514.61,0.417884,0.0431573
5542.18,0.40125,0.0425127
5569.89,0.374323,0.0412758
5597.74,0.377272,0.0414086
5625.73,0.43831,0.0444859
5653.86,0.409174,0.0431005
5682.13,0.446176,0.0454032
5710.54,0.44475,0.0455447
5739.09,0.439732,0.045389
5767.79,0.422866,0.0444692
5796.62,0.389579,0.0426822
5825.61,0.408752,0.043727
5854.74,0.464154,0.046877
5884.01,0.502759,0.0488539
5913.43,0.511715,0.0494074
5943,0.503371,0.0491242
5972.71,0.468817,0.047461
6002.57,0.420723,0.0451527
6032.59,0.454942,0.0468396
6062.75,0.47928,0.048226
6093.06,0.491764,0.0489922
6123.53,0.453474,0.0471331
6154.15,0.42789,0.0459413
6184.92,0.451554,0.0476044
6215.84,0.477669,0.0489597
6246.92,0.478057,0.0490459
6278.16,0.459332,0.0481821
6309.55,0.409698,0.0455168
6341.09,0.43114,0.0469692
6372.8,0.407323,0.0457752
6404.66,0.426854,0.0468949
6436.69,0.456662,0.0485632
6468.87,0.468364,0.0493073
6501.22,0.386723,0.0448076
6533.72,0.379355,0.0446607
6566.39,0.432813,0.04775
6599.22,0.504265,0.0514947
6632.22,0.465534,0.0496854
6665.38,0.450319,0.0487859
6698.71,0.385905,0.0452959
6732.2,0.354719,0.0436203
6765.86,0.352871,0.0436093
6799.69,0.356281,0.0437788
6833.69,0.416469,0.0476858
6867.86,0.443686,0.0493602
6902.2,0.451234,0.0497585
6936.71,0.402808,0.0468309
6971.39,0.485216,0.0515493
7006.25,0.485189,0.0518742
7041.28,0.477476,0.0518106
7076.49,0.496306,0.0532996
7111.87,0.508874,0.0540914
7147.43,0.508219,0.0541894
7183.16,0.486951,0.0529759
7219.08,0.421566,0.048701
7255.18,0.436909,0.0503801
7291.45,0.414003,0.0490753
7327.91,0.403886,0.0483996
7364.55,0.386452,0.0472655
7401.37,0.486687,0.0533611
7438.38,0.452624,0.0517482
7475.57,0.43,0.0505684
7512.95,0.423947,0.0502097
7550.51,0.415927,0.049829
7588.26,0.463952,0.0525665
7626.21,0.503525,0.0547772
7664.34,0.408374,0.0493524
7702.66,0.464169,0.0527008
7741.17,0.486693,0.0542117
7779.88,0.520147,0.0562911
7818.78,0.523402,0.0567458
7857.87,0.490974,0.0551133
7897.16,0.460841,0.0534596
7936.65,0.440285,0.0523237
7976.33,0.419401,0.0511874
8016.21,0.420606,0.0512941
8050.87,0.434531,0.0609478
