# X , Y , E Distribution=true

-20.1034,0.00902956,0.00137885
-19.9824,0.00882021,0.00136236
-19.8614,0.00674248,0.00119931
-19.7404,0.00706955,0.00122147
-19.6194,0.00867275,0.00135887
-19.4985,0.00662935,0.00119084
-19.3775,0.00749908,0.00127233
-19.2565,0.00878493,0.00137706
-19.1355,0.00859679,0.00135605
-19.0145,0.0105139,0.00149853
-18.8935,0.0103632,0.00149459
-18.7726,0.00742501,0.0012633
-18.6516,0.0101822,0.00148206
-18.5306,0.0119936,0.00161538
-18.4096,0.00904073,0.0013975
-18.2886,0.00893388,0.00138272
-18.1676,0.0102078,0.00148907
-18.0467,0.0128802,0.00167135
-17.9257,0.00982519,0.00145737
-17.8047,0.00998429,0.00146983
-17.6837,0.0112917,0.0015687
-17.5627,0.0127153,0.00166829
-17.4417,0.0150075,0.00181538
-17.3208,0.0164605,0.00190947
-17.1998,0.0179327,0.00200012
-17.0788,0.0183867,0.00203158
-16.9578,0.0193302,0.00207366
-16.8368,0.0178546,0.00199539
-16.7158,0.0248862,0.00236701
-16.5949,0.0194199,0.00208734
-16.4739,0.0254367,0.00240182
-16.3529,0.0289122,0.00255164
-16.2319,0.0221056,0.00223637
-16.1109,0.0227967,0.00226831
-15.9899,0.0297015,0.00259086
-15.869,0.0421699,0.00311295
-15.748,0.0444549,0.0032114
-15.627,0.0520151,0.00346904
-15.506,0.0575998,0.00364876
-15.385,0.0499816,0.00339977
-15.264,0.055038,0.003574
-15.1431,0.0548891,0.00357945
-15.0221,0.0712052,0.0040822
-14.9011,0.0635463,0.00385818
-14.7801,0.0698784,0.00404102
-14.6591,0.0659368,0.00392906
-14.5381,0.08151,0.00438003
-14.4172,0.0819149,0.00438659
-14.2962,0.0881646,0.00456633
-14.1752,0.0978775,0.00480936
-14.0542,0.102133,0.00491843
-13.9332,0.100681,0.00488493
-13.8122,0.119843,0.00534223
-13.6913,0.128958,0.00554912
-13.5703,0.129734,0.00557227
-13.4493,0.136884,0.00571613
-13.3283,0.160262,0.00618862
-13.2073,0.153899,0.00607452
-13.0863,0.171076,0.00640048
-12.9654,0.168599,0.00634734
-12.8444,0.180146,0.00656848
-12.7234,0.181111,0.0065909
-12.6024,0.19385,0.0068227
-12.4814,0.212029,0.00712957
-12.3604,0.195618,0.00685593
-12.2395,0.205144,0.00701867
-12.1185,0.216834,0.00721119
-11.9975,0.212886,0.00714058
-11.8765,0.237079,0.00754822
-11.7555,0.245749,0.00767815
-11.6345,0.254785,0.00781727
-11.5136,0.267874,0.00801429
-11.3926,0.265948,0.00799016
-11.2716,0.273835,0.00810863
-11.1506,0.27766,0.00816231
-11.0296,0.286875,0.00829732
-10.9086,0.277152,0.00816151
-10.7877,0.301366,0.00851277
-10.6667,0.316571,0.00872742
-10.5457,0.319048,0.00875269
-10.4247,0.327037,0.00887276
-10.3037,0.327751,0.00888258
-10.1828,0.345046,0.00911546
-10.0618,0.332459,0.00895118
-9.94078,0.348503,0.00916522
-9.8198,0.377096,0.00953641
-9.69882,0.370846,0.00946037
-9.57783,0.375932,0.00952025
-9.45685,0.387948,0.00968244
-9.33587,0.381455,0.00959984
-9.21488,0.40484,0.00989208
-9.0939,0.396795,0.00979991
-8.97292,0.423834,0.0101242
-8.85194,0.413955,0.0100109
-8.73095,0.400701,0.00984259
-8.60997,0.413044,0.00999899
-8.48899,0.387137,0.00967605
-8.368,0.399584,0.00983408
-8.24702,0.398269,0.00981087
-8.12604,0.419584,0.0100725
-8.00505,0.401287,0.00984386
-7.88407,0.377373,0.0095494
-7.76309,0.407895,0.00992562
-7.6421,0.402879,0.00986387
-7.52112,0.416753,0.0100215
-7.40014,0.421988,0.0100873
-7.27915,0.42699,0.0101537
-7.15817,0.444547,0.0103605
-7.03719,0.443922,0.0103567
-6.9162,0.45102,0.0104245
-6.79522,0.474982,0.0107075
-6.67424,0.471857,0.0106687
-6.55326,0.478359,0.010744
-6.43227,0.492836,0.0109049
-6.31129,0.494263,0.0109178
-6.19031,0.543181,0.0114474
-6.06932,0.538111,0.0113851
-5.94834,0.55772,0.011597
-5.82736,0.560487,0.0116183
-5.70637,0.594258,0.0119584
-5.58539,0.586895,0.0118779
-5.46441,0.621979,0.0122295
-5.34342,0.654199,0.0125296
-5.22244,0.683513,0.0127925
-5.10146,0.751571,0.0134129
-4.98047,0.727765,0.0131933
-4.85949,0.787218,0.0137219
-4.73851,0.839196,0.0141434
-4.61752,0.885493,0.014506
-4.49654,0.930026,0.0148642
-4.37556,1.05072,0.0157708
-4.25457,1.16156,0.016565
-4.13359,1.31337,0.0175954
-4.01261,1.52737,0.0189476
-3.89163,1.81941,0.0206626
-3.77064,2.16269,0.0225153
-3.64966,2.63181,0.0248233
-3.52868,3.10328,0.0269324
-3.40769,3.76075,0.0296548
-3.28671,4.49249,0.0324068
-3.16573,5.42623,0.0356232
-3.04474,6.42666,0.0387747
-2.92376,7.72913,0.0425474
-2.80278,9.18716,0.0463863
-2.68179,10.9089,0.0505533
-2.56081,13.0063,0.0552033
-2.43983,15.6958,0.060652
-2.31884,18.8446,0.0664689
-2.19786,22.5681,0.0727792
-2.07688,26.7031,0.0792267
-1.95589,31.2278,0.0857747
-1.83491,36.5073,0.0928741
-1.71393,42.2195,0.100024
-1.59295,48.3742,0.107281
-1.47196,55.308,0.115002
-1.35098,62.6099,0.122645
-1.23,70.4465,0.130449
-1.10901,78.3582,0.137959
-0.988029,85.8266,0.144736
-0.867046,92.138,0.150306
-0.746063,96.6589,0.154246
-0.62508,99.5586,0.156756
-0.504097,100.781,0.157908
-0.383113,99.2512,0.156841
-0.26213,96.4703,0.154675
-0.141147,92.7945,0.151753
-0.0201639,87.5865,0.147496
0.100819,82.3406,0.143057
0.221802,76.4172,0.13786
0.342786,69.7872,0.131791
0.463769,62.3664,0.124643
0.584752,54.869,0.11693
0.705735,47.6432,0.108956
0.826718,40.2922,0.100192
0.947701,33.9523,0.0919656
1.06868,28.0055,0.0834895
1.18967,22.9648,0.0755689
1.31065,18.7639,0.0682733
1.43163,15.5278,0.0620754
1.55262,12.9136,0.0565894
1.6736,10.95,0.0520889
1.79458,9.60301,0.0487601
1.91557,8.58155,0.0460922
2.03655,7.80721,0.0439515
2.15753,7.44727,0.0429357
2.27852,6.98468,0.0415759
2.3995,6.76048,0.0409125
2.52048,6.52974,0.0402311
2.64147,6.13739,0.0390231
2.76245,5.83768,0.0380914
2.88343,5.43322,0.0367826
3.00442,5.12862,0.0357665
3.1254,4.8455,0.0347904
3.24638,4.6402,0.0340633
3.36736,4.6128,0.0339952
3.48835,4.56468,0.0338221
3.60933,4.38863,0.0331807
3.73031,4.26551,0.0327305
3.8513,4.17109,0.0323881
3.97228,4.04552,0.0319001
4.09326,3.96181,0.0315924
4.21425,3.73398,0.0306845
4.33523,3.55208,0.0299404
4.45621,3.46458,0.0295918
4.5772,3.28447,0.028828
4.69818,3.06858,0.0278725
4.81916,2.89728,0.0271083
4.94015,2.72691,0.0263112
5.06113,2.64699,0.0259399
5.18211,2.44356,0.024934
5.3031,2.35805,0.0245152
5.42408,2.24855,0.0239575
5.54506,2.11193,0.0232323
5.66605,2.01949,0.0227364
5.78703,1.93372,0.0222658
5.90801,1.8522,0.0217973
6.02899,1.77687,0.0213641
6.14998,1.73578,0.0211244
6.27096,1.7184,0.0210363
6.39194,1.69796,0.0209163
6.51293,1.65911,0.0206953
6.63391,1.60319,0.0203593
6.75489,1.5901,0.0202872
6.87588,1.53284,0.0199335
6.99686,1.58395,0.0202817
7.11784,1.5751,0.0202238
7.23883,1.61727,0.0205169
7.35981,1.56509,0.0201915
7.48079,1.5837,0.0203159
7.60178,1.56082,0.0201805
7.72276,1.55142,0.0201333
7.84374,1.59278,0.0204052
7.96473,1.58532,0.0203698
8.08571,1.55388,0.0201841
8.20669,1.54726,0.0201594
8.32767,1.47468,0.0196965
8.44866,1.40748,0.0192583
8.56964,1.32473,0.0187088
8.69062,1.20677,0.0178728
8.81161,1.13127,0.0173297
8.93259,1.04798,0.0166975
9.05357,1.01131,0.0164171
9.17456,0.993916,0.0163002
9.29554,0.924764,0.0157377
9.41652,0.891467,0.0154644
9.53751,0.814675,0.014795
9.65849,0.766765,0.0143712
9.77947,0.739843,0.0141373
9.90046,0.698987,0.0137502
10.0214,0.635838,0.0131282
10.1424,0.582172,0.012578
10.2634,0.549437,0.0122272
10.3844,0.538779,0.0121198
10.5054,0.533852,0.0120791
10.6264,0.501517,0.0117157
10.7473,0.492387,0.0116176
10.8683,0.496334,0.0116681
10.9893,0.458078,0.0112168
11.1103,0.46143,0.011266
11.2313,0.451824,0.0111582
11.3523,0.429568,0.0108887
11.4732,0.441239,0.0110463
11.5942,0.425888,0.0108607
11.7152,0.404425,0.0105924
11.8362,0.406255,0.0106213
11.9572,0.396358,0.0104981
12.0782,0.390984,0.0104338
12.1991,0.397208,0.0105282
12.3201,0.381576,0.0103303
12.4411,0.372248,0.0102086
12.5621,0.383534,0.0103703
12.6831,0.356254,0.0100053
12.8041,0.379186,0.0103221
12.925,0.385093,0.0104207
13.046,0.37829,0.0103374
13.167,0.374626,0.0102879
13.288,0.365055,0.0101679
13.409,0.378865,0.0103692
13.53,0.345632,0.00990433
13.6509,0.354446,0.0100426
13.7719,0.360894,0.0101385
13.8929,0.347684,0.00995278
14.0139,0.339576,0.00984681
14.1349,0.340873,0.00987446
14.2559,0.317337,0.0095327
14.3768,0.331464,0.00975515
14.4978,0.322228,0.00961635
14.6188,0.301887,0.00931812
14.7398,0.317323,0.00955802
14.8608,0.321057,0.00961299
14.9817,0.309306,0.00944783
15.1027,0.295426,0.0092236
15.2237,0.277656,0.00895765
15.3447,0.297394,0.00927606
15.4657,0.292608,0.00920238
15.5867,0.302527,0.00935864
15.7076,0.276569,0.00896135
15.8286,0.280661,0.00902113
15.9496,0.280091,0.00902739
16.0706,0.294756,0.00926687
16.1916,0.266301,0.00881594
16.3126,0.2589,0.00869727
16.4335,0.269228,0.00887056
16.5545,0.269815,0.00888831
16.6755,0.271423,0.008922
16.7965,0.281099,0.00909039
16.9175,0.273929,0.00898306
17.0385,0.260642,0.00875926
17.1594,0.252339,0.00862037
17.2804,0.266772,0.00887312
17.4014,0.26862,0.00891801
17.5224,0.264536,0.00885173
17.6434,0.255894,0.0087183
17.7644,0.265348,0.00888008
17.8853,0.261554,0.00882784
18.0063,0.269091,0.00895974
18.1273,0.273553,0.00904089
18.2483,0.276206,0.00909199
18.3693,0.266697,0.00893304
18.4903,0.265892,0.00893008
18.6112,0.259612,0.00883455
18.7322,0.252359,0.00870952
18.8532,0.274182,0.00908711
18.9742,0.25392,0.00874884
19.0952,0.260537,0.00886183
19.2162,0.263454,0.00891286
19.3371,0.27544,0.00912256
19.4581,0.259914,0.0088803
19.5791,0.252554,0.00875225
19.7001,0.269876,0.00905418
19.8211,0.262162,0.00893509
19.9421,0.274249,0.0091323
20.063,0.282014,0.00927395
20.184,0.288828,0.00939155
20.305,0.275566,0.00917884
20.426,0.286489,0.00935441
20.547,0.286004,0.00936482
20.668,0.278705,0.0092417
20.7889,0.283259,0.00931798
20.9099,0.281139,0.00929513
21.0309,0.284251,0.009345
21.1519,0.278409,0.00925569
21.2729,0.289056,0.00944258
21.3939,0.288444,0.00943341
21.5148,0.287817,0.00943045
21.6358,0.29842,0.00960282
21.7568,0.276432,0.00925229
21.8778,0.29746,0.00959959
21.9988,0.290097,0.00948466
22.1198,0.295527,0.009585
22.2407,0.283626,0.00940366
22.3617,0.300861,0.00967865
22.4827,0.283579,0.00940336
22.6037,0.286692,0.00946434
22.7247,0.292322,0.00955748
22.8457,0.287772,0.0094986
22.9666,0.30354,0.00976066
23.0876,0.303625,0.00976193
23.2086,0.301504,0.00972487
23.3296,0.280753,0.00939579
23.4506,0.304695,0.00980035
23.5716,0.313246,0.00994508
23.6925,0.309033,0.00988915
23.8135,0.311615,0.00992703
23.9345,0.309311,0.00989589
24.0555,0.283898,0.00948878
24.1563,0.317567,0.0122961
24.2571,0.309591,0.00512999
24.3784,0.30484,0.00507272
24.5003,0.308735,0.00510067
24.6228,0.302798,0.00503697
24.7459,0.301854,0.00501029
24.8696,0.310514,0.00506786
24.994,0.316378,0.00510248
25.119,0.318247,0.00510188
25.2446,0.31314,0.00504508
25.3708,0.315826,0.00505682
25.4976,0.314275,0.00502826
25.6251,0.313699,0.00501156
25.7533,0.311432,0.00498249
25.882,0.310923,0.00496419
26.0114,0.311166,0.00495354
26.1415,0.313296,0.00495877
26.2722,0.314218,0.00495482
26.4036,0.311354,0.00491993
26.5356,0.323826,0.00500405
26.6682,0.329319,0.00503542
26.8016,0.325772,0.00499297
26.9356,0.318797,0.00492598
27.0703,0.312283,0.00486495
27.2056,0.327081,0.00496846
27.3417,0.322315,0.00491975
27.4784,0.317596,0.00487343
27.6158,0.322994,0.00489872
27.7538,0.321784,0.00487761
27.8926,0.330708,0.0049435
28.0321,0.328889,0.00491397
28.1722,0.316061,0.00480525
28.3131,0.325099,0.00486512
28.4547,0.331122,0.00489816
28.5969,0.328361,0.0048664
28.7399,0.32463,0.00482573
28.8836,0.324761,0.00481701
29.028,0.328035,0.00483078
29.1732,0.328306,0.00482403
29.319,0.328097,0.00481163
29.4656,0.330621,0.00482137
29.613,0.331325,0.00481343
29.761,0.342476,0.00488188
29.9098,0.334016,0.00481153
30.0594,0.332556,0.00478781
30.2097,0.337391,0.00481438
30.3607,0.336676,0.00480036
30.5125,0.338655,0.00479929
30.6651,0.340937,0.00480208
30.8184,0.340817,0.00479463
30.9725,0.339077,0.00477461
31.1274,0.335077,0.00473489
31.283,0.344855,0.00479388
31.4394,0.339354,0.00474353
31.5966,0.350121,0.00481225
31.7546,0.347144,0.00477902
31.9134,0.345126,0.00475617
32.0729,0.338851,0.0047032
32.2333,0.34449,0.00472947
32.3945,0.339946,0.00469022
32.5564,0.344408,0.00471195
32.7192,0.346752,0.00471497
32.8828,0.341915,0.00467432
33.0472,0.349306,0.00471458
33.2125,0.349797,0.00471016
33.3785,0.349267,0.00469246
33.5454,0.350405,0.00468989
33.7132,0.355632,0.0047161
33.8817,0.350948,0.00467371
34.0511,0.351475,0.00466832
34.2214,0.358901,0.00470599
34.3925,0.359038,0.00469819
34.5645,0.358438,0.00468556
34.7373,0.346348,0.00459682
34.911,0.354512,0.00464258
35.0855,0.360561,0.00466816
35.2609,0.36542,0.0046896
35.4373,0.35356,0.00459837
35.6144,0.366969,0.00467889
35.7925,0.368407,0.00467565
35.9715,0.364082,0.00464035
36.1513,0.365232,0.00463687
36.3321,0.373992,0.00468498
36.5137,0.370468,0.00465127
36.6963,0.37412,0.00466459
36.8798,0.3742,0.00465098
37.0642,0.37217,0.00462807
37.2495,0.377921,0.00465634
37.4358,0.375733,0.00463469
37.6229,0.379271,0.00464549
37.8111,0.368783,0.00456936
38.0001,0.381626,0.0046391
38.1901,0.383065,0.00463589
38.3811,0.383651,0.00463026
38.573,0.377423,0.0045829
38.7658,0.381797,0.00459916
38.9597,0.383009,0.00459892
39.1545,0.383115,0.00458849
39.3502,0.383103,0.00457665
39.547,0.382974,0.00456537
39.7447,0.385977,0.00457712
39.9434,0.38713,0.00457142
40.1432,0.38901,0.00457674
40.3439,0.394209,0.00459381
40.5456,0.394921,0.00458693
40.7483,0.388899,0.00454284
40.9521,0.387452,0.00452449
41.1568,0.393116,0.00454847
41.3626,0.402018,0.00458795
41.5694,0.398131,0.00455846
41.7773,0.396233,0.0045366
41.9862,0.392037,0.00450136
42.1961,0.395031,0.00451052
42.4071,0.402781,0.00454214
42.6191,0.404376,0.00454397
42.8322,0.408334,0.00455647
43.0464,0.406972,0.00454075
43.2616,0.398434,0.00448459
43.4779,0.402347,0.00449533
43.6953,0.403801,0.00449334
43.9138,0.396,0.0044409
44.1333,0.401507,0.00446132
44.354,0.410688,0.00450163
44.5758,0.412362,0.00450365
44.7987,0.394937,0.00439753
45.0226,0.420883,0.00453066
45.2478,0.416267,0.00449747
45.474,0.405642,0.00443007
45.7014,0.412991,0.00446304
45.9299,0.416601,0.0044716
46.1595,0.418025,0.00446973
46.3903,0.407436,0.00440254
46.6223,0.415365,0.00443871
46.8554,0.409793,0.00439829
47.0897,0.414836,0.00441648
47.3251,0.424301,0.00445889
47.5617,0.424588,0.0044514
47.7995,0.420521,0.00442222
48.0385,0.4189,0.00440309
48.2787,0.409867,0.00434666
48.5201,0.41846,0.00438428
48.7627,0.419981,0.00438341
49.0065,0.418837,0.00436949
49.2516,0.416965,0.00435116
49.4978,0.41479,0.00433257
49.7453,0.422312,0.0043619
49.994,0.421836,0.00435095
50.244,0.422842,0.00434937
50.4952,0.423902,0.00434381
50.7477,0.423533,0.00433599
51.0015,0.423463,0.00432741
51.2565,0.419991,0.00430353
51.5127,0.430246,0.00434885
51.7703,0.432748,0.00435237
52.0292,0.430945,0.00433355
52.2893,0.439146,0.00436897
52.5507,0.43183,0.0043231
52.8135,0.439335,0.00435407
53.0776,0.433638,0.00431851
53.343,0.437797,0.00433132
53.6097,0.447767,0.00437285
53.8777,0.444334,0.00434937
54.1471,0.442332,0.00433134
54.4178,0.458535,0.00440409
54.6899,0.449369,0.00435261
54.9634,0.454524,0.00436884
55.2382,0.462245,0.00439899
55.5144,0.453388,0.00435069
55.792,0.456211,0.00435698
56.0709,0.457076,0.00435353
56.3513,0.455277,0.00433696
56.633,0.461436,0.00436092
56.9162,0.46036,0.00434952
57.2008,0.462581,0.00435334
57.4868,0.465441,0.00436138
57.7742,0.462417,0.00433887
58.0631,0.46637,0.00435021
58.3534,0.463151,0.00432771
58.6452,0.467927,0.0043425
58.9384,0.471962,0.00435583
59.2331,0.47021,0.00434054
59.5293,0.470018,0.00433195
59.8269,0.47932,0.00436616
60.126,0.466906,0.00430464
60.4267,0.472825,0.00432294
60.7288,0.47555,0.00432714
61.0324,0.480292,0.0043422
61.3376,0.492136,0.00439023
61.6443,0.482856,0.00433925
61.9525,0.48763,0.00435428
62.2623,0.486476,0.00434245
62.5736,0.495877,0.00437726
62.8865,0.49948,0.00438817
63.2009,0.49702,0.0043691
63.5169,0.500817,0.00438086
63.8345,0.506782,0.00439974
64.1537,0.50269,0.00437625
64.4744,0.511572,0.00440601
64.7968,0.513431,0.00440785
65.1208,0.50761,0.00437633
65.4464,0.516171,0.00440793
65.7736,0.522504,0.00442973
66.1025,0.526227,0.00443858
66.433,0.528099,0.00443871
66.7652,0.539004,0.00447931
67.099,0.538902,0.00447431
67.4345,0.545782,0.00449654
67.7716,0.55293,0.00452032
68.1105,0.563324,0.00455683
68.4511,0.568877,0.00457384
68.7933,0.569491,0.00457209
69.1373,0.576023,0.00459242
69.483,0.579459,0.00460152
69.8304,0.585623,0.00461846
70.1795,0.587769,0.00462237
70.5304,0.59632,0.00465009
70.8831,0.598381,0.00465377
71.2375,0.613039,0.0047052
71.5937,0.613194,0.00470173
71.9517,0.625971,0.00474601
72.3114,0.632748,0.00476586
72.673,0.647676,0.00481919
73.0363,0.6658,0.00488216
73.4015,0.674764,0.00491105
73.7685,0.673566,0.00490143
74.1374,0.677988,0.00491028
74.5081,0.665377,0.00485568
74.8806,0.657839,0.00482032
75.255,0.654133,0.0047991
75.6313,0.647355,0.00476612
76.0094,0.629137,0.00469179
76.3895,0.624605,0.0046687
76.7714,0.631047,0.00468539
77.1553,0.641486,0.00471652
77.5411,0.63785,0.00469881
77.9288,0.634923,0.00467896
78.3184,0.640046,0.00469119
78.71,0.635975,0.00466835
79.1035,0.640283,0.00467938
79.4991,0.635843,0.00465638
79.8966,0.642924,0.00467477
80.296,0.639247,0.00465458
80.6975,0.652806,0.00469822
81.101,0.649192,0.0046782
81.5065,0.645867,0.00465897
81.9141,0.648627,0.00466362
82.3236,0.636264,0.00461233
82.7352,0.650332,0.00465555
83.1489,0.636984,0.004603
83.5647,0.633702,0.004585
83.9825,0.646584,0.00462506
84.4024,0.644708,0.00461275
84.8244,0.646125,0.00461197
85.2485,0.645933,0.00460658
85.6748,0.657993,0.00464305
86.1031,0.655932,0.00463018
86.5337,0.662066,0.00464605
86.9663,0.654383,0.00461549
87.4012,0.661496,0.00463479
87.8382,0.661389,0.00462934
88.2774,0.673458,0.00466402
88.7187,0.665218,0.00463224
89.1623,0.660631,0.00460766
89.6082,0.658256,0.00459363
90.0562,0.659743,0.0045913
90.5065,0.65581,0.00457137
90.959,0.658734,0.00457374
91.4138,0.652945,0.00454769
91.8709,0.649435,0.00452858
92.3302,0.638873,0.00448428
92.7919,0.640232,0.00448391
93.2558,0.636191,0.00446186
93.7221,0.635758,0.00445455
94.1907,0.629068,0.00442472
94.6617,0.627071,0.00440958
95.135,0.632026,0.00442283
95.6107,0.630663,0.00441067
96.0887,0.620368,0.00436802
96.5692,0.622524,0.00436906
97.052,0.622486,0.00436316
97.5373,0.617296,0.00433819
98.0249,0.617989,0.0043343
98.5151,0.612432,0.00430893
99.0076,0.615762,0.00431534
99.5027,0.603719,0.00426532
100,0.600586,0.00424896
100.5,0.606821,0.004264
101.003,0.599448,0.00423274
101.508,0.593873,0.00420809
102.015,0.590687,0.00419019
102.525,0.581868,0.00415326
103.038,0.581048,0.00414423
103.553,0.576495,0.00412379
104.071,0.576246,0.00411841
104.591,0.564336,0.00406981
105.114,0.563132,0.00406119
105.64,0.559371,0.00404238
106.168,0.550719,0.00400811
106.699,0.555466,0.00401998
107.232,0.543088,0.00396951
107.768,0.543252,0.00396572
108.307,0.533834,0.0039276
108.849,0.527649,0.00389949
109.393,0.523278,0.00387885
109.94,0.524252,0.00387799
110.49,0.519885,0.00385699
111.042,0.516627,0.0038422
111.597,0.513713,0.00382592
112.155,0.510533,0.00380991
112.716,0.506449,0.00379108
113.28,0.50255,0.00377445
113.846,0.50361,0.00377475
114.415,0.491504,0.00372526
114.987,0.488234,0.00371145
115.562,0.492214,0.00372233
116.14,0.486376,0.0036981
116.721,0.489574,0.00370682
117.305,0.483832,0.0036829
117.891,0.484145,0.00368207
118.481,0.484282,0.0036801
119.073,0.486135,0.00368508
119.668,0.476185,0.00364448
120.267,0.476671,0.0036453
120.868,0.470917,0.00362158
121.472,0.467356,0.00360504
122.08,0.462357,0.00358327
122.69,0.464312,0.00358981
123.304,0.457214,0.00356133
123.92,0.456205,0.00355415
124.54,0.450176,0.00352793
125.162,0.456879,0.00355241
125.788,0.445517,0.00350578
126.417,0.448031,0.0035144
127.049,0.435194,0.00346076
127.684,0.439316,0.00347535
128.323,0.432037,0.00344446
128.964,0.433196,0.00344603
129.609,0.434091,0.00344675
130.257,0.43121,0.00343276
130.909,0.438422,0.00345962
131.563,0.430247,0.00342446
132.221,0.433095,0.00343404
132.882,0.431091,0.00342294
133.546,0.435205,0.00343747
134.214,0.436348,0.00343994
134.885,0.442788,0.00346261
135.56,0.437846,0.00344092
136.238,0.439718,0.00344703
136.919,0.445118,0.00346581
137.603,0.443957,0.00345796
138.291,0.445484,0.00346216
138.983,0.443165,0.00345037
139.678,0.450673,0.00347722
140.376,0.443323,0.00344698
141.078,0.448621,0.00346452
141.783,0.454737,0.00348713
142.492,0.454568,0.00348411
143.205,0.447754,0.00345606
143.921,0.452563,0.00347335
144.64,0.455045,0.0034799
145.364,0.451583,0.00346579
146.09,0.449339,0.00345562
146.821,0.451172,0.0034604
147.555,0.451398,0.00345942
148.293,0.444769,0.00343221
149.034,0.443995,0.00342697
149.779,0.445722,0.00343238
150.528,0.44433,0.00342542
151.281,0.444458,0.00342491
152.037,0.440569,0.00340775
152.797,0.443738,0.00341777
153.561,0.438706,0.00339704
154.329,0.439183,0.00339775
155.101,0.438923,0.00339519
155.876,0.435406,0.00337921
156.656,0.436844,0.00338362
157.439,0.436678,0.00338247
158.226,0.434694,0.0033746
159.017,0.429373,0.00335195
159.812,0.429368,0.00335063
160.612,0.425775,0.00333582
161.415,0.419831,0.00331143
162.222,0.413615,0.00328708
163.033,0.421234,0.00331666
163.848,0.421059,0.00331471
164.667,0.423257,0.00332539
165.491,0.420111,0.00331166
166.318,0.417803,0.00330189
167.15,0.420061,0.00331195
167.985,0.413595,0.00328694
168.825,0.409132,0.0032684
169.669,0.404239,0.00324956
170.518,0.405185,0.00325366
171.37,0.404796,0.00325198
172.227,0.399718,0.00323072
173.088,0.395347,0.00321312
173.954,0.392127,0.00320126
174.823,0.386574,0.00317786
175.698,0.384508,0.00316984
176.576,0.378083,0.00314334
177.459,0.377017,0.00313825
178.346,0.376987,0.00313835
179.238,0.368403,0.0031025
180.134,0.369061,0.00310459
181.035,0.364099,0.00308277
181.94,0.359717,0.00306426
182.85,0.362985,0.00307774
183.764,0.356572,0.00304905
184.683,0.355682,0.00304589
185.606,0.354427,0.00303937
186.534,0.351506,0.0030266
187.467,0.352779,0.0030316
188.404,0.353927,0.00303607
189.346,0.35013,0.00301908
190.293,0.356989,0.00304878
191.244,0.35559,0.00304245
192.201,0.353493,0.00303426
193.162,0.351412,0.00302407
194.128,0.348183,0.00301169
195.098,0.342991,0.00298857
196.074,0.336989,0.00296204
197.054,0.327129,0.00291871
198.039,0.329475,0.00292757
199.029,0.318179,0.00287588
200.025,0.315345,0.00286403
201.025,0.319007,0.00288134
202.03,0.312388,0.00284955
203.04,0.311258,0.00284483
204.055,0.312159,0.0028492
205.075,0.316286,0.00286796
206.101,0.313839,0.00285628
207.131,0.311905,0.00284783
208.167,0.308578,0.00283311
209.208,0.306658,0.00282374
210.254,0.301677,0.0028018
211.305,0.305152,0.0028185
212.362,0.299831,0.00279379
213.424,0.299949,0.00279564
214.491,0.304425,0.00281755
215.563,0.299856,0.00279587
216.641,0.303028,0.00281272
217.724,0.301849,0.00280719
218.813,0.305012,0.00282316
219.907,0.297147,0.00278802
221.006,0.298622,0.00279426
222.111,0.303245,0.00281679
223.222,0.304394,0.00282316
224.338,0.305438,0.00282969
225.46,0.303011,0.0028175
226.587,0.305677,0.00283057
227.72,0.301989,0.00281369
228.859,0.299079,0.0027989
230.003,0.297856,0.0027929
231.153,0.294865,0.00277935
232.309,0.295226,0.00277902
233.47,0.291671,0.00276183
234.638,0.293215,0.00276906
235.811,0.302835,0.00281418
236.99,0.297043,0.00278621
238.175,0.293663,0.00277142
239.366,0.293947,0.00277223
240.562,0.293905,0.00277243
241.765,0.299806,0.00280026
242.974,0.298053,0.00279198
244.189,0.295186,0.0027791
245.41,0.296148,0.00278448
246.637,0.29319,0.00276983
247.87,0.290002,0.00275681
249.109,0.291033,0.00276068
250.355,0.286808,0.0027406
251.607,0.283838,0.00272847
252.865,0.274232,0.00268062
254.129,0.281612,0.00271771
255.4,0.27587,0.00268907
256.677,0.270727,0.00266461
257.96,0.264284,0.00263234
259.25,0.263467,0.00262898
260.546,0.261058,0.00261656
261.849,0.265009,0.00263732
263.158,0.261031,0.00261663
264.474,0.26087,0.00261791
265.796,0.263302,0.00263054
267.125,0.264835,0.00263894
268.461,0.265952,0.00264487
269.803,0.266862,0.00265056
271.152,0.266152,0.00264736
272.508,0.272835,0.00268304
273.871,0.268277,0.0026605
275.24,0.274561,0.00269302
276.616,0.274313,0.00269285
277.999,0.278433,0.00271422
279.389,0.280742,0.00272612
280.786,0.288835,0.00276614
282.19,0.291645,0.00278156
283.601,0.294523,0.00279681
285.019,0.299086,0.00281947
286.444,0.298495,0.00281945
287.876,0.297544,0.0028177
289.316,0.298419,0.00282343
290.762,0.298416,0.00282527
292.216,0.295862,0.00281566
293.677,0.290216,0.00279075
295.146,0.284151,0.00276392
296.621,0.280379,0.00274843
298.104,0.270435,0.00270253
299.595,0.276946,0.0027369
301.093,0.272515,0.00271848
302.598,0.262578,0.00266998
304.111,0.260995,0.00266367
305.632,0.258864,0.00265569
307.16,0.25909,0.00266112
308.696,0.25183,0.0026253
310.239,0.251553,0.0026286
311.791,0.247224,0.00260776
313.35,0.242182,0.00258386
314.916,0.236338,0.00255619
316.491,0.231057,0.00253086
318.073,0.2292,0.00252423
319.664,0.22376,0.00249582
321.262,0.217419,0.00246422
322.868,0.212335,0.00243845
324.483,0.212983,0.00244596
326.105,0.208401,0.00242231
327.736,0.204865,0.00240522
329.374,0.199583,0.00237773
331.021,0.200389,0.00238439
332.676,0.200014,0.00238671
334.34,0.200019,0.00238929
336.011,0.198272,0.00238131
337.691,0.194708,0.00236358
339.38,0.188468,0.00232872
341.077,0.18651,0.00231917
342.782,0.188329,0.00233353
344.496,0.184401,0.00231216
346.218,0.183286,0.0023073
347.95,0.184991,0.0023212
349.689,0.184337,0.00232073
351.438,0.186679,0.00233717
353.195,0.184667,0.00232751
354.961,0.183261,0.00232261
356.736,0.181521,0.0023153
358.519,0.185417,0.00234231
360.312,0.183499,0.00233218
362.114,0.180977,0.0023208
363.924,0.178878,0.00230996
365.744,0.177738,0.00230668
367.572,0.182505,0.00234081
369.41,0.179648,0.002325
371.257,0.177267,0.00231277
373.114,0.174335,0.0022972
374.979,0.174709,0.00230302
376.854,0.17557,0.00231266
378.738,0.177644,0.00232899
380.632,0.178379,0.00233916
382.535,0.181158,0.0023598
384.448,0.179422,0.00235243
386.37,0.181288,0.00236887
388.302,0.181076,0.00237228
390.244,0.182638,0.002385
392.195,0.178637,0.00236313
394.156,0.183389,0.00239841
396.127,0.18188,0.00239275
398.107,0.184415,0.00241293
400.098,0.183171,0.00240812
402.098,0.180966,0.0023984
404.109,0.181883,0.00240858
406.129,0.186201,0.00244305
408.16,0.182654,0.00242199
410.201,0.182137,0.00242426
412.252,0.185229,0.00244915
414.313,0.181901,0.00243199
416.384,0.184898,0.00245745
418.466,0.184436,0.00245888
420.559,0.186518,0.00247823
422.662,0.18544,0.00247516
424.775,0.186977,0.00248986
426.899,0.183753,0.00247377
429.033,0.183928,0.00247998
431.178,0.18404,0.00248578
433.334,0.187804,0.0025172
435.501,0.185378,0.00250453
437.678,0.182956,0.00249292
439.867,0.184727,0.00250919
442.066,0.182423,0.002499
444.276,0.181794,0.0024989
446.498,0.17639,0.00246862
448.73,0.177841,0.0024825
450.974,0.176445,0.00247836
453.229,0.172686,0.00245469
455.495,0.172756,0.00246
457.773,0.175934,0.00248864
460.061,0.174059,0.00248113
462.362,0.167708,0.00244091
464.673,0.162727,0.00240935
466.997,0.158155,0.00238094
469.332,0.157896,0.0023841
471.679,0.152798,0.00235143
474.037,0.156656,0.00238692
476.407,0.151481,0.00235332
478.789,0.151023,0.00235638
481.183,0.151491,0.00236445
483.589,0.147817,0.00234094
486.007,0.147023,0.00234089
488.437,0.145199,0.00233027
490.879,0.148213,0.00236164
493.334,0.145984,0.00234948
495.8,0.1436,0.00233596
498.279,0.144815,0.00235239
500.771,0.142088,0.0023324
503.274,0.140929,0.00232917
505.791,0.140324,0.00233055
508.32,0.137128,0.00230755
510.861,0.138819,0.00232776
513.416,0.140034,0.00234404
515.983,0.141409,0.00236164
518.563,0.141576,0.00236922
521.155,0.140569,0.00236586
523.761,0.138929,0.00235964
526.38,0.141965,0.00239083
529.012,0.140626,0.00238346
531.657,0.141976,0.00240199
534.315,0.14403,0.00242628
536.987,0.14505,0.00244195
539.672,0.147823,0.00247035
542.37,0.147283,0.00247377
545.082,0.150858,0.00250952
547.807,0.146381,0.00247917
550.546,0.147401,0.00249534
553.299,0.146519,0.00249437
556.066,0.147309,0.00250896
558.846,0.146332,0.00250683
561.64,0.14959,0.00254074
564.448,0.150206,0.00255589
567.271,0.150133,0.00256259
570.107,0.152811,0.00259205
572.958,0.150973,0.00258233
575.822,0.150755,0.00258766
578.702,0.155015,0.00263138
581.595,0.155313,0.0026394
584.503,0.155023,0.00264524
587.426,0.151653,0.00262451
590.363,0.153678,0.00264982
593.314,0.150015,0.00262588
596.281,0.152537,0.00265685
599.262,0.15016,0.00264399
602.259,0.15456,0.00269029
605.27,0.154438,0.00269528
608.296,0.156047,0.00271885
611.338,0.15245,0.00269859
614.395,0.15024,0.00268426
617.467,0.156176,0.00274539
620.554,0.15694,0.00275979
623.657,0.159642,0.00279305
626.775,0.155477,0.0027666
629.909,0.154596,0.00276704
633.058,0.15508,0.00277982
636.224,0.153163,0.00276928
639.405,0.15686,0.00281214
642.602,0.15042,0.00276356
645.815,0.151384,0.00278152
649.044,0.153308,0.00280845
652.289,0.154447,0.00282555
655.551,0.147186,0.00276632
658.828,0.148771,0.00279078
662.122,0.150416,0.002814
665.433,0.148837,0.00280818
668.76,0.148934,0.00281946
672.104,0.15075,0.00284574
675.464,0.14688,0.00281663
678.842,0.151258,0.00286677
682.236,0.145318,0.00282106
685.647,0.14456,0.00282317
689.075,0.153647,0.00291898
692.521,0.149783,0.00289236
695.983,0.147941,0.00288478
699.463,0.144413,0.00286105
702.961,0.145019,0.0028768
706.475,0.147075,0.00290493
710.008,0.147898,0.00292183
713.558,0.147249,0.0029256
717.126,0.149915,0.00296394
720.711,0.150626,0.00298011
724.315,0.148806,0.0029743
727.936,0.153941,0.00303382
731.576,0.149436,0.00299761
735.234,0.150709,0.00302334
738.91,0.149486,0.0030178
742.605,0.148912,0.0030218
746.318,0.147552,0.0030196
750.049,0.150235,0.00305371
753.8,0.148774,0.00305061
757.569,0.150186,0.00307945
761.356,0.148435,0.00306743
765.163,0.150476,0.00309701
768.989,0.154006,0.0031475
772.834,0.148345,0.00309936
776.698,0.152537,0.0031532
780.582,0.154448,0.0031829
784.485,0.159429,0.00324391
788.407,0.158779,0.00324855
792.349,0.160273,0.00327441
796.311,0.166335,0.00334667
800.292,0.16364,0.00333263
804.294,0.170862,0.00341588
808.315,0.166067,0.00338266
812.357,0.157983,0.00330797
816.419,0.156543,0.0033028
820.501,0.158364,0.00333278
824.603,0.154799,0.00330851
828.726,0.152488,0.00329647
832.87,0.149338,0.00327337
837.034,0.146328,0.00325098
841.219,0.149652,0.00330338
845.425,0.149144,0.00330897
849.653,0.143514,0.0032568
853.901,0.14554,0.00329199
858.17,0.144997,0.00329496
862.461,0.145321,0.00331381
866.773,0.143083,0.00329282
871.107,0.141116,0.00328371
875.463,0.146071,0.00335262
879.84,0.142007,0.0033181
884.239,0.14161,0.00332805
888.661,0.142278,0.00334828
893.104,0.140051,0.00333355
897.569,0.141135,0.00335618
902.057,0.134789,0.00329186
906.568,0.139309,0.00336287
911.1,0.136673,0.003342
915.656,0.143075,0.00343219
920.234,0.13565,0.00334874
924.835,0.130899,0.00330449
929.46,0.132123,0.00333418
934.107,0.132049,0.00334547
938.777,0.133802,0.00337931
943.471,0.130596,0.0033482
948.189,0.130245,0.00335779
952.93,0.134609,0.00342489
957.694,0.134372,0.0034335
962.483,0.130034,0.00339154
967.295,0.128374,0.00338181
972.132,0.135227,0.0034854
976.992,0.132023,0.00345851
981.877,0.127122,0.00340901
986.787,0.129749,0.00345812
991.72,0.128407,0.00344874
996.679,0.136275,0.00357012
1001.66,0.131991,0.00352555
1006.67,0.127048,0.00347293
1011.7,0.131304,0.00354743
1016.76,0.136816,0.0036319
1021.85,0.134019,0.00360364
1026.96,0.135899,0.0036498
1032.09,0.139064,0.00370288
1037.25,0.141538,0.00375377
1042.44,0.135388,0.00368379
1047.65,0.133171,0.00366709
1052.89,0.136369,0.00372882
1058.15,0.144356,0.00385561
1063.44,0.160411,0.00407651
1068.76,0.166127,0.00416338
1074.1,0.171371,0.00424861
1079.47,0.186286,0.00444444
1084.87,0.190234,0.0045104
1090.3,0.197683,0.00460955
1095.75,0.200057,0.00465164
1101.23,0.200146,0.00466822
1106.73,0.200004,0.00469171
1112.27,0.19551,0.00465363
1117.83,0.197517,0.0047029
1123.42,0.19345,0.00467217
1129.03,0.183023,0.00456218
1134.68,0.192543,0.00469551
1140.35,0.193227,0.00472501
1146.05,0.19887,0.00481305
1151.78,0.207531,0.00493417
1157.54,0.215634,0.0050495
1163.33,0.213497,0.00504029
1169.15,0.207071,0.0049817
1174.99,0.197279,0.00488405
1180.87,0.198205,0.00491689
1186.77,0.193751,0.00488184
1192.71,0.193024,0.00489683
1198.67,0.198442,0.00498255
1204.66,0.202504,0.00505592
1210.69,0.205733,0.00511642
1216.74,0.201745,0.00508634
1222.82,0.202116,0.00511235
1228.94,0.199203,0.00509543
1235.08,0.202514,0.00516112
1241.26,0.191201,0.00503518
1247.46,0.188183,0.00501181
1253.7,0.18674,0.00501485
1259.97,0.189856,0.00507705
1266.27,0.187386,0.00506223
1272.6,0.186977,0.00508047
1278.96,0.185112,0.00508563
1285.36,0.183375,0.00508316
1291.79,0.185722,0.00513642
1298.24,0.187196,0.00517499
1304.74,0.181489,0.00511805
1311.26,0.180476,0.00512644
1317.82,0.186449,0.00523143
1324.41,0.184989,0.00523236
1331.03,0.192269,0.00535755
1337.68,0.179045,0.00519084
1344.37,0.184565,0.0052993
1351.09,0.184548,0.00531682
1357.85,0.18723,0.00537001
1364.64,0.185138,0.00536702
1371.46,0.192044,0.00549164
1378.32,0.19711,0.0055881
1385.21,0.204232,0.00570687
1392.14,0.197946,0.00564319
1399.1,0.205209,0.00577416
1406.09,0.199788,0.00571921
1413.12,0.213135,0.00591896
1420.19,0.219657,0.00603806
1427.29,0.214994,0.00599971
1434.43,0.220907,0.00610964
1441.6,0.23628,0.0063459
1448.81,0.23918,0.00640512
1456.05,0.240029,0.00643464
1463.33,0.239043,0.00644452
1470.65,0.240672,0.00649618
1478,0.228549,0.00636384
1485.39,0.227431,0.00636697
1492.82,0.222726,0.0063301
1500.28,0.219248,0.00630851
1507.78,0.221377,0.00636743
1515.32,0.226128,0.00646081
1522.9,0.229032,0.00652881
1530.51,0.232067,0.00658187
1538.16,0.220955,0.00645794
1545.86,0.231924,0.00664508
1553.58,0.234412,0.00670513
1561.35,0.234403,0.0067373
1569.16,0.239276,0.0068331
1577,0.231388,0.00673832
1584.89,0.218288,0.00657039
1592.81,0.220775,0.00663936
1600.78,0.22189,0.00667404
1608.78,0.218966,0.00666298
1616.83,0.218082,0.00667586
1624.91,0.225294,0.0068169
1633.03,0.228212,0.00687381
1641.2,0.229497,0.00692742
1649.41,0.227343,0.00693032
1657.65,0.229508,0.00699467
1665.94,0.220556,0.00687784
1674.27,0.222428,0.00692893
1682.64,0.215224,0.00684089
1691.06,0.226143,0.00703441
1699.51,0.225479,0.00704901
1708.01,0.214898,0.00690826
1716.55,0.219432,0.00700176
1725.13,0.214709,0.00696488
1733.76,0.205229,0.00682228
1742.43,0.206841,0.00687962
1751.14,0.209742,0.00695571
1759.89,0.202733,0.00686528
1768.69,0.210627,0.00702458
1777.54,0.214158,0.00709901
1786.42,0.211584,0.00708245
1795.36,0.208592,0.00706444
1804.33,0.198883,0.00691478
1813.35,0.205796,0.00706266
1822.42,0.203537,0.00704639
1831.53,0.189964,0.00683076
1840.69,0.198059,0.00699927
1849.89,0.193567,0.00694306
1859.14,0.191903,0.00693446
1868.44,0.192137,0.00697292
1877.78,0.200159,0.00714641
1887.17,0.189638,0.00697187
1896.61,0.192599,0.00705428
1906.09,0.195666,0.00712967
1915.62,0.183753,0.00692689
1925.2,0.192287,0.00711032
1934.82,0.197808,0.0072386
1944.5,0.183922,0.00701691
1954.22,0.178719,0.00693204
1963.99,0.183578,0.00705268
1973.81,0.187017,0.0071436
1983.68,0.192641,0.00726647
1993.6,0.184815,0.00713974
2003.57,0.173396,0.00693501
2013.59,0.181466,0.00711913
2023.65,0.17893,0.00710575
2033.77,0.175119,0.00705894
2043.94,0.181346,0.0072036
2054.16,0.179503,0.0071812
2064.43,0.170223,0.00702192
2074.75,0.17583,0.00715724
2085.13,0.164478,0.00693103
2095.55,0.160677,0.00687618
2106.03,0.167629,0.0070471
2116.56,0.174811,0.00721584
2127.14,0.168586,0.00712098
2137.78,0.16622,0.00708835
2148.47,0.168762,0.00716921
2159.21,0.176206,0.0073646
2170.01,0.163933,0.00712797
2180.86,0.170197,0.00727176
2191.76,0.163987,0.0071617
2202.72,0.155895,0.00700191
2213.73,0.165923,0.00724989
2224.8,0.177325,0.00752826
2235.93,0.171619,0.00741843
2247.11,0.159315,0.00718013
2258.34,0.156532,0.00713317
2269.63,0.161756,0.00726714
2280.98,0.16063,0.00726208
2292.39,0.161253,0.00729431
2303.85,0.161626,0.00733242
2315.37,0.162431,0.00737987
2326.94,0.167455,0.00752142
2338.58,0.167479,0.0075417
2350.27,0.167468,0.0075564
2362.02,0.154131,0.00727738
2373.83,0.158555,0.00740415
2385.7,0.160191,0.00745974
2397.63,0.154781,0.00736364
2409.62,0.147016,0.00718083
2421.67,0.157507,0.00746145
2433.77,0.15943,0.00752469
2445.94,0.147917,0.00728291
2458.17,0.155509,0.0074754
2470.46,0.156747,0.00754189
2482.82,0.148172,0.00734442
2495.23,0.15534,0.00754648
2507.71,0.154707,0.00755553
2520.25,0.156113,0.00760799
2532.85,0.16405,0.00782179
2545.51,0.165171,0.00788412
2558.24,0.151797,0.00757554
2571.03,0.15638,0.0077067
2583.88,0.152253,0.00761392
2596.8,0.160838,0.00785588
2609.79,0.159287,0.00784123
2622.84,0.166386,0.00804026
2635.95,0.158655,0.00787837
2649.13,0.160319,0.00793445
2662.38,0.167146,0.00812093
2675.69,0.1615,0.00800377
2689.07,0.157076,0.00790999
2702.51,0.160003,0.00800272
2716.02,0.164612,0.0081546
2729.61,0.159802,0.00807302
2743.25,0.151147,0.00785042
2756.97,0.161225,0.00812117
2770.75,0.164727,0.00824943
2784.61,0.154932,0.00800939
2798.53,0.166323,0.00832713
2812.52,0.165741,0.00834171
2826.59,0.16558,0.00836573
2840.72,0.167675,0.00843019
2854.92,0.168672,0.00848452
2869.2,0.166106,0.00844012
2883.54,0.159472,0.00827858
2897.96,0.172291,0.00864408
2912.45,0.170605,0.00862503
2927.01,0.168651,0.00860609
2941.65,0.168389,0.00861066
2956.36,0.160893,0.00843622
2971.14,0.175277,0.00884324
2985.99,0.181487,0.00902821
3000.92,0.188162,0.00921408
3015.93,0.186861,0.00919428
3031.01,0.198407,0.00949197
3046.16,0.194885,0.00943794
3061.39,0.199517,0.00959943
3076.7,0.199137,0.00961108
3092.08,0.19607,0.00956332
3107.54,0.197591,0.00961628
3123.08,0.197602,0.00963695
3138.7,0.196203,0.00964754
3154.39,0.192885,0.00960684
3170.16,0.191979,0.0095901
3186.01,0.191516,0.00960313
3201.94,0.192092,0.0096601
3217.95,0.181618,0.00940483
3234.04,0.190389,0.00968234
3250.21,0.194671,0.00980053
3266.47,0.18559,0.00961601
3282.8,0.184859,0.00960936
3299.21,0.190744,0.00979814
3315.71,0.190529,0.00982687
3332.29,0.178613,0.0095332
3348.95,0.180169,0.00961479
3365.69,0.185775,0.0097909
3382.52,0.193464,0.0100112
3399.43,0.190803,0.00997477
3416.43,0.193329,0.0100718
3433.51,0.178502,0.00968536
3450.68,0.169214,0.00947279
3467.93,0.190522,0.0100827
3485.27,0.18657,0.0099952
3502.7,0.177058,0.00976012
3520.21,0.181425,0.00990767
3537.81,0.184204,0.0100388
3555.5,0.178112,0.00991497
3573.28,0.171225,0.00973684
3591.15,0.18132,0.0100375
3609.1,0.185559,0.0102025
3627.15,0.173141,0.00988169
3645.28,0.165399,0.00967395
3663.51,0.172827,0.00992155
3681.83,0.175176,0.0100149
3700.24,0.165244,0.00977929
3718.74,0.169508,0.00993318
3737.33,0.173585,0.0100792
3756.02,0.170963,0.0100351
3774.8,0.176866,0.0102406
3793.67,0.174533,0.010204
3812.64,0.169665,0.0101057
3831.7,0.159616,0.00983262
3850.86,0.149674,0.00953739
3870.12,0.161384,0.00992375
3889.47,0.162995,0.0100125
3908.92,0.160139,0.00995176
3928.46,0.164389,0.0100837
3948.1,0.163908,0.0101036
3967.84,0.173383,0.0104275
3987.68,0.158365,0.00998382
4007.62,0.166678,0.0103052
4027.66,0.175442,0.0105938
4047.8,0.168103,0.0103988
4068.04,0.151906,0.0099156
4088.38,0.161908,0.0102581
4108.82,0.165549,0.0103939
4129.36,0.16986,0.0105717
4150.01,0.150514,0.00997287
4170.76,0.16069,0.0103127
4191.61,0.158203,0.0102531
4212.57,0.164155,0.0105102
4233.63,0.178123,0.0109916
4254.8,0.160963,0.0104697
4276.08,0.159584,0.010463
4297.46,0.162753,0.0105841
4318.94,0.159615,0.010494
4340.54,0.160938,0.0105756
4362.24,0.160729,0.0105967
4384.05,0.156422,0.010536
4405.97,0.161119,0.0107105
4428,0.156334,0.0105676
4450.14,0.158975,0.0106638
4472.39,0.155795,0.0105912
4494.75,0.15881,0.0107289
4517.23,0.168301,0.0110901
4539.81,0.175676,0.0113672
4562.51,0.17172,0.0112554
4585.33,0.166647,0.0111112
4608.25,0.167226,0.0111667
4631.29,0.158281,0.0108883
4654.45,0.165224,0.0111424
4677.72,0.15795,0.0108898
4701.11,0.169441,0.0113624
4724.62,0.163395,0.0111927
4748.24,0.169042,0.0114399
4771.98,0.174418,0.0116538
4795.84,0.177099,0.0117586
4819.82,0.177419,0.0118059
4843.92,0.174337,0.0117307
4868.14,0.172785,0.0116934
4892.48,0.169377,0.0115838
4916.94,0.168756,0.0115984
4941.53,0.173616,0.0118081
4966.23,0.181012,0.0121152
4991.07,0.173251,0.0118761
5016.02,0.164718,0.0116604
5041.1,0.166399,0.011682
5066.31,0.184098,0.0123207
5091.64,0.178173,0.0121757
5117.1,0.17057,0.0119358
5142.68,0.169471,0.0119384
5168.4,0.173005,0.0120811
5194.24,0.169202,0.0119305
5220.21,0.168432,0.0119544
5246.31,0.169196,0.0120364
5272.54,0.177292,0.0123518
5298.9,0.167935,0.0120538
5325.4,0.158153,0.011744
5352.03,0.158402,0.0117596
5378.79,0.162114,0.0118869
5405.68,0.16829,0.0121483
5432.71,0.162882,0.0120087
5459.87,0.17026,0.0123298
5487.17,0.168404,0.0122989
5514.61,0.156204,0.0118547
5542.18,0.15758,0.0119369
5569.89,0.169939,0.012428
5597.74,0.16346,0.0121807
5625.73,0.163038,0.0122049
5653.86,0.162016,0.0122027
5682.13,0.157283,0.0120737
5710.54,0.159125,0.0121818
5739.09,0.160002,0.0122498
5767.79,0.160546,0.0122947
5796.62,0.159652,0.0122743
5825.61,0.160113,0.0123461
5854.74,0.165654,0.0125405
5884.01,0.171184,0.01281
5913.43,0.173873,0.0129476
5943,0.172304,0.0128893
5972.71,0.185291,0.0134084
6002.57,0.189453,0.013586
6032.59,0.17743,0.0131822
6062.75,0.179637,0.0132965
6093.06,0.18465,0.0135185
6123.53,0.180594,0.0133893
6154.15,0.177511,0.0132941
6184.92,0.185875,0.0136343
6215.84,0.177182,0.0133281
6246.92,0.177127,0.0133285
6278.16,0.173123,0.0132094
6309.55,0.168093,0.0131098
6341.09,0.180876,0.0136384
6372.8,0.182441,0.0137189
6404.66,0.175298,0.0134638
6436.69,0.163628,0.0130173
6468.87,0.167349,0.0132004
6501.22,0.189204,0.0140601
6533.72,0.177879,0.0136696
6566.39,0.167781,0.0133079
6599.22,0.166923,0.0133161
6632.22,0.199817,0.0146778
6665.38,0.18324,0.0140342
6698.71,0.180332,0.0139466
6732.2,0.186187,0.0141834
6765.86,0.184895,0.0141253
6799.69,0.178275,0.0139016
6833.69,0.175814,0.0138813
6867.86,0.177021,0.013972
6902.2,0.173707,0.0138459
6936.71,0.172283,0.0138612
6971.39,0.172405,0.0139003
7006.25,0.173395,0.0139396
7041.28,0.169114,0.0137682
7076.49,0.155238,0.013215
7111.87,0.172897,0.0139987
7147.43,0.181812,0.0144227
7183.16,0.1896,0.014759
7219.08,0.196332,0.0150526
7255.18,0.189442,0.0147369
7291.45,0.175309,0.0142537
7327.91,0.168433,0.0140318
7364.55,0.171989,0.014168
7401.37,0.168588,0.0140549
7438.38,0.159807,0.0136956
7475.57,0.155185,0.0135317
7512.95,0.169529,0.0142276
7550.51,0.182957,0.0148172
7588.26,0.172397,0.0143998
7626.21,0.160661,0.0139184
7664.34,0.152057,0.0135367
7702.66,0.171127,0.0144154
7741.17,0.176516,0.0146612
7779.88,0.175671,0.0146356
7818.78,0.172666,0.0145905
7857.87,0.179454,0.0148757
7897.16,0.177054,0.014799
7936.65,0.166236,0.0143923
7976.33,0.189655,0.0154469
8016.21,0.189696,0.0154867
8050.87,0.187389,0.0180246