X_cm-1,subtracted_Y,subtracted_E
-20.1034000000,-0.00108983000000,0.00221892457562
-19.9824000000,0.000581262500000,0.00227996553302
-19.8614000000,0.00476255600000,0.00264652858603
-19.7404000000,0.00576451400000,0.00274449227136
-19.6194000000,0.00345597600000,0.00242341925479
-19.4985000000,0.00427962000000,0.00251564585251
-19.3775000000,0.00351450000000,0.00251261668844
-19.2565000000,0.00770042200000,0.00289690284671
-19.1355000000,0.00630027600000,0.00287206055710
-19.0145000000,0.00227332800000,0.00257883948483
-18.8935000000,0.00599155800000,0.00296601940037
-18.7726000000,-0.00141594000000,0.00231439076832
-18.6516000000,0.00143235800000,0.00269781629173
-18.5306000000,0.00927605800000,0.00329872077378
-18.4096000000,0.00705116000000,0.00328056297522
-18.2886000000,0.0100965640000,0.00347472481385
-18.1676000000,0.00405046400000,0.00302429082533
-18.0467000000,0.00434774400000,0.00305973738297
-17.9257000000,0.00527075400000,0.00312969329516
-17.8047000000,0.00480513400000,0.00299859377887
-17.6837000000,0.00638909000000,0.00315774905403
-17.5627000000,0.0120660300000,0.00360625518766
-17.4417000000,0.00552997000000,0.00321910780092
-17.3208000000,0.0123487000000,0.00371234854543
-17.1998000000,0.00909812000000,0.00353073784772
-17.0788000000,0.0113223400000,0.00378653830971
-16.9578000000,0.0124254200000,0.00397233181300
-16.8368000000,0.0132840600000,0.00405014333916
-16.7158000000,0.0117427800000,0.00414257089765
-16.5949000000,0.0282379800000,0.00520251540460
-16.4739000000,0.0264817200000,0.00516468858687
-16.3529000000,0.0750965400000,0.00728030317064
-16.2319000000,0.0278965200000,0.00519597418860
-16.1109000000,0.0501930000000,0.00625017175676
-15.9899000000,0.0648849200000,0.00687894658620
-15.8690000000,0.0684269600000,0.00709147256575
-15.7480000000,0.0943864800000,0.00809921828708
-15.6270000000,0.0805714000000,0.00773809723755
-15.5060000000,0.0522406400000,0.00674323871250
-15.3850000000,0.0284278000000,0.00584638368487
-15.2640000000,0.0468082800000,0.00672270797360
-15.1431000000,0.0569050200000,0.00724313157346
-15.0221000000,0.0666248200000,0.00769475360921
-14.9011000000,0.0688258200000,0.00786602163190
-14.7801000000,0.0716321000000,0.00806390220063
-14.6591000000,0.0691112800000,0.00812121682541
-14.5381000000,0.0687713200000,0.00836693758362
-14.4172000000,0.0706061800000,0.00866340353693
-14.2962000000,0.0604171400000,0.00854759325627
-14.1752000000,0.0703002600000,0.00906718888849
-14.0542000000,0.0654149800000,0.00917526124528
-13.9332000000,0.0677649000000,0.00945090609943
-13.8122000000,0.0974020000000,0.0104809822639
-13.6913000000,0.102350400000,0.0109043458552
-13.5703000000,0.106555340000,0.0111427388040
-13.4493000000,0.0846823600000,0.0107655855977
-13.3283000000,0.0972459800000,0.0110887618224
-13.2073000000,0.116999480000,0.0116615235022
-13.0863000000,0.118392880000,0.0117000117809
-12.9654000000,0.111936740000,0.0117019603869
-12.8444000000,0.108971740000,0.0116750852603
-12.7234000000,0.129387400000,0.0122997391263
-12.6024000000,0.127865000000,0.0123267639547
-12.4814000000,0.129760600000,0.0124510305250
-12.3604000000,0.140866400000,0.0127407585403
-12.2395000000,0.153057800000,0.0130913071373
-12.1185000000,0.165773400000,0.0133750893891
-11.9975000000,0.186310400000,0.0138910995780
-11.8765000000,0.147674400000,0.0132309208202
-11.7555000000,0.169788000000,0.0138264888642
-11.6345000000,0.155108800000,0.0136217600386
-11.5136000000,0.194471000000,0.0144081933143
-11.3926000000,0.158884600000,0.0137967402104
-11.2716000000,0.160695800000,0.0138737567991
-11.1506000000,0.169996200000,0.0140384764143
-11.0296000000,0.181365800000,0.0143481991452
-10.9086000000,0.223456800000,0.0154223780062
-10.7877000000,0.186801200000,0.0148702852293
-10.6667000000,0.200236000000,0.0151817716895
-10.5457000000,0.208829600000,0.0155349753520
-10.4247000000,0.194889800000,0.0154067151626
-10.3037000000,0.247718400000,0.0162382687367
-10.1828000000,0.263224600000,0.0166015736262
-10.0618000000,0.239141400000,0.0163233517382
-9.94078000000,0.250199800000,0.0165755279654
-9.81980000000,0.245606200000,0.0165498552534
-9.69882000000,0.253018600000,0.0168803374311
-9.57783000000,0.275333600000,0.0172573374593
-9.45685000000,0.265532200000,0.0171579852343
-9.33587000000,0.284095400000,0.0174730325205
-9.21488000000,0.262572800000,0.0172230525979
-9.09390000000,0.282790600000,0.0176512197073
-8.97292000000,0.277571000000,0.0176153175806
-8.85194000000,0.248297200000,0.0171761536096
-8.73095000000,0.264454000000,0.0174153103889
-8.60997000000,0.264189000000,0.0173419458220
-8.48899000000,0.274721800000,0.0173638883267
-8.36800000000,0.282137400000,0.0174198097608
-8.24702000000,0.286580400000,0.0172769223319
-8.12604000000,0.282434600000,0.0172371741643
-8.00505000000,0.313066000000,0.0176578435746
-7.88407000000,0.298100800000,0.0174462392612
-7.76309000000,0.312005800000,0.0176949980181
-7.64210000000,0.362093200000,0.0185861917928
-7.52112000000,0.312217000000,0.0178408161769
-7.40014000000,0.360456200000,0.0185839422269
-7.27915000000,0.313412000000,0.0178757461543
-7.15817000000,0.353073000000,0.0184500220912
-7.03719000000,0.399780000000,0.0192024287528
-6.91620000000,0.419206400000,0.0194703599245
-6.79522000000,0.402199000000,0.0193089221655
-6.67424000000,0.396495400000,0.0193431493997
-6.55326000000,0.410767800000,0.0197064482403
-6.43227000000,0.401604000000,0.0196143134156
-6.31129000000,0.424320400000,0.0200981685204
-6.19031000000,0.442106200000,0.0204336282021
-6.06932000000,0.468294400000,0.0207942095393
-5.94834000000,0.480763000000,0.0210963950344
-5.82736000000,0.529605600000,0.0218663333248
-5.70637000000,0.504681600000,0.0215967468995
-5.58539000000,0.543128600000,0.0222427357942
-5.46441000000,0.515294800000,0.0221131159509
-5.34342000000,0.552145800000,0.0227335037974
-5.22244000000,0.562726600000,0.0229702061878
-5.10146000000,0.605376000000,0.0237331418880
-4.98047000000,0.646385400000,0.0244100166076
-4.85949000000,0.654672000000,0.0247063522493
-4.73851000000,0.704037400000,0.0255392148409
-4.61752000000,0.800254600000,0.0269935421456
-4.49654000000,0.800201200000,0.0275145007363
-4.37556000000,0.842204400000,0.0285245010696
-4.25457000000,0.883564000000,0.0297535922617
-4.13359000000,0.943159400000,0.0314637984011
-4.01261000000,1.04944860000,0.0335920287462
-3.89163000000,1.19632440000,0.0362493771857
-3.77064000000,1.43762100000,0.0397515334894
-3.64966000000,1.70967200000,0.0435289081116
-3.52868000000,2.01302600000,0.0475932709184
-3.40769000000,2.32429400000,0.0518373912643
-3.28671000000,2.88377400000,0.0574668724137
-3.16573000000,3.56000600000,0.0633286885088
-3.04474000000,4.41989200000,0.0699306291298
-2.92376000000,5.31807600000,0.0762785334854
-2.80278000000,6.48691000000,0.0833663362719
-2.68179000000,7.94938600000,0.0910112352614
-2.56081000000,9.78801200000,0.0994914340017
-2.43983000000,11.7607400000,0.107980523862
-2.31884000000,14.2383820000,0.117483505379
-2.19786000000,17.0873700000,0.127624706855
-2.07688000000,20.7179980000,0.139234527196
-1.95589000000,24.2245000000,0.150515648029
-1.83491000000,28.1471600000,0.162464710703
-1.71393000000,33.3179200000,0.176324932739
-1.59295000000,38.6132400000,0.189667770302
-1.47196000000,44.6719000000,0.203462726026
-1.35098000000,52.7653000000,0.218682873058
-1.23000000000,61.6103200000,0.233330633019
-1.10901000000,71.9502800000,0.248157055830
-0.988029000000,82.5188000000,0.261749558429
-0.867046000000,93.4573200000,0.274363970809
-0.746063000000,102.656840000,0.284238882567
-0.625080000000,109.648520000,0.291074873677
-0.504097000000,114.227000000,0.295040391292
-0.383113000000,115.820080000,0.295557673734
-0.262130000000,115.005720000,0.293410585576
-0.141147000000,112.388520000,0.289442624503
-0.0201639000000,107.698220000,0.283350080415
0.100819000000,101.667640000,0.275681069954
0.221802000000,93.6482600000,0.265915627648
0.342786000000,84.0356800000,0.253802776189
0.463769000000,74.3427400000,0.240940981673
0.584752000000,62.9285400000,0.224944852637
0.705735000000,51.4074800000,0.207442527343
0.826718000000,40.5278400000,0.189086224425
0.947701000000,30.8283200000,0.170857121650
1.06868000000,21.6834200000,0.151397463572
1.18967000000,14.9654400000,0.134413196829
1.31065000000,9.68946800000,0.118685585611
1.43163000000,5.80208600000,0.104869275269
1.55262000000,3.37626400000,0.0936889160344
1.67360000000,2.19161600000,0.0858411989752
1.79458000000,1.48839200000,0.0795353116929
1.91557000000,1.30056200000,0.0753811014669
2.03655000000,1.42566800000,0.0730978953773
2.15753000000,1.36047400000,0.0705845724688
2.27852000000,1.45784400000,0.0691747598400
2.39950000000,1.57349200000,0.0681671123103
2.52048000000,1.49319000000,0.0666296911295
2.64147000000,1.44705600000,0.0650919025460
2.76245000000,1.50690200000,0.0640253911375
2.88343000000,1.36909800000,0.0622033867995
3.00442000000,1.22248800000,0.0604749402029
3.12540000000,1.08646400000,0.0587727550377
3.24638000000,1.13734400000,0.0582736721086
3.36736000000,1.03442800000,0.0572840754519
3.48835000000,0.995844000000,0.0565521116331
3.60933000000,0.989652000000,0.0561392709355
3.73031000000,0.913730000000,0.0552992808703
3.85130000000,0.734276000000,0.0538790774367
3.97228000000,0.773240000000,0.0535544170366
4.09326000000,0.617080000000,0.0521995224251
4.21425000000,0.611484000000,0.0513306438862
4.33523000000,0.555250000000,0.0501805526228
4.45621000000,0.660558000000,0.0497428660270
4.57720000000,0.547740000000,0.0479735515595
4.69818000000,0.541448000000,0.0468750450883
4.81916000000,0.524296000000,0.0457693250938
4.94015000000,0.501316000000,0.0447130725777
5.06113000000,0.497774000000,0.0438316557740
5.18211000000,0.399446000000,0.0422417951734
5.30310000000,0.530468000000,0.0420664610399
5.42408000000,0.446072000000,0.0406539571640
5.54506000000,0.446398000000,0.0399307296145
5.66605000000,0.372940000000,0.0387211749053
5.78703000000,0.358706000000,0.0380468393061
5.90801000000,0.313638000000,0.0373830670293
6.02899000000,0.413442000000,0.0378603240616
6.14998000000,0.382822000000,0.0372866071401
6.27096000000,0.397596000000,0.0369889577925
6.39194000000,0.387958000000,0.0367040694069
6.51293000000,0.339538000000,0.0360553771951
6.63391000000,0.296968000000,0.0353146177485
6.75489000000,0.323458000000,0.0353558306257
6.87588000000,0.296488000000,0.0351913618488
6.99686000000,0.260966000000,0.0348334434441
7.11784000000,0.243456000000,0.0347866413274
7.23883000000,0.228912000000,0.0348118708062
7.35981000000,0.217402000000,0.0347787562178
7.48079000000,0.229278000000,0.0347299626846
7.60178000000,0.291198000000,0.0352431835665
7.72276000000,0.208110000000,0.0344166058777
7.84374000000,0.271570000000,0.0348908161713
7.96473000000,0.251404000000,0.0346736060197
8.08571000000,0.219484000000,0.0343219205536
8.20669000000,0.168038000000,0.0334293640977
8.32767000000,0.179518000000,0.0329324988231
8.44866000000,0.186856000000,0.0320868274698
8.56964000000,0.188862000000,0.0310772755129
8.69062000000,0.185904200000,0.0300406057185
8.81161000000,0.144206000000,0.0287855137619
8.93259000000,0.163116200000,0.0283128911047
9.05357000000,0.174019200000,0.0280182395449
9.17456000000,0.179578400000,0.0277411811792
9.29554000000,0.157677800000,0.0272621316049
9.41652000000,0.131674600000,0.0265216111587
9.53751000000,0.0988188000000,0.0255381112827
9.65849000000,0.0802256000000,0.0246031884648
9.77947000000,0.107533800000,0.0242258088240
9.90046000000,0.124492400000,0.0233587042171
10.0214000000,0.145916200000,0.0230165268892
10.1424000000,0.131668800000,0.0222884582555
10.2634000000,0.131844000000,0.0216415665547
10.3844000000,0.194737800000,0.0218644710469
10.5054000000,0.167380600000,0.0212226647329
10.6264000000,0.176983600000,0.0209246790268
10.7473000000,0.155850400000,0.0203321097619
10.8683000000,0.141029000000,0.0199623938105
10.9893000000,0.144979600000,0.0199910845340
11.1103000000,0.165526400000,0.0200184191161
11.2313000000,0.174018600000,0.0199058418455
11.3523000000,0.185992200000,0.0198022861858
11.4732000000,0.174257600000,0.0194996860076
11.5942000000,0.145333600000,0.0187928367284
11.7152000000,0.162541000000,0.0189911720229
11.8362000000,0.171143800000,0.0189788033531
11.9572000000,0.179719800000,0.0190182617341
12.0782000000,0.170474600000,0.0186611068612
12.1991000000,0.173688400000,0.0188032921101
12.3201000000,0.173505600000,0.0187722125493
12.4411000000,0.202282200000,0.0193288942938
12.5621000000,0.135790800000,0.0181796366357
12.6831000000,0.156827400000,0.0186007235280
12.8041000000,0.171563000000,0.0188159679489
12.9250000000,0.148411600000,0.0184494151065
13.0460000000,0.151254400000,0.0184876922260
13.1670000000,0.151909600000,0.0185473041837
13.2880000000,0.149243200000,0.0183761048213
13.4090000000,0.136287400000,0.0180654739355
13.5300000000,0.170948200000,0.0185213209089
13.6509000000,0.147027400000,0.0179629646085
13.7719000000,0.169098000000,0.0181284501856
13.8929000000,0.158281400000,0.0176223046912
14.0139000000,0.176699200000,0.0177289139349
14.1349000000,0.187515400000,0.0178175200240
14.2559000000,0.203162800000,0.0180641707577
14.3768000000,0.192746800000,0.0176755181094
14.4978000000,0.139457800000,0.0165984760169
14.6188000000,0.150313000000,0.0166003001517
14.7398000000,0.157337800000,0.0166562190143
14.8608000000,0.183245600000,0.0168532916638
14.9817000000,0.160790000000,0.0162902829601
15.1027000000,0.186912000000,0.0166868223089
15.2237000000,0.234007000000,0.0175226596546
15.3447000000,0.202774800000,0.0168148325154
15.4657000000,0.180621200000,0.0163832857096
15.5867000000,0.204204000000,0.0167742663968
15.7076000000,0.193219200000,0.0166428688164
15.8286000000,0.191464400000,0.0165218711765
15.9496000000,0.200107800000,0.0164722562237
16.0706000000,0.204143600000,0.0164488889297
16.1916000000,0.210849800000,0.0165860604706
16.3126000000,0.196487800000,0.0161262065912
16.4335000000,0.208257600000,0.0164295529836
16.5545000000,0.194770000000,0.0162465845500
16.6755000000,0.220963600000,0.0167651376790
16.7965000000,0.209740600000,0.0164757784978
16.9175000000,0.190521600000,0.0160561522814
17.0385000000,0.225645600000,0.0167264081523
17.1594000000,0.196834600000,0.0160007359658
17.2804000000,0.236232400000,0.0166989151506
17.4014000000,0.225736000000,0.0163791624099
17.5224000000,0.242631200000,0.0165351294209
17.6434000000,0.215296000000,0.0159074750669
17.7644000000,0.254308400000,0.0165811947096
17.8853000000,0.258421000000,0.0165938832297
18.0063000000,0.263675200000,0.0166106244522
18.1273000000,0.236230000000,0.0160598339878
18.2483000000,0.284960800000,0.0169913393913
18.3693000000,0.270895860000,0.0166843180303
18.4903000000,0.261076320000,0.0164291492358
18.6112000000,0.261446720000,0.0164005318508
18.7322000000,0.287904320000,0.0168881985935
18.8532000000,0.297525000000,0.0170243209145
18.9742000000,0.266548540000,0.0164625945449
19.0952000000,0.288313140000,0.0168603570283
19.2162000000,0.286624560000,0.0167748580813
19.3371000000,0.282407860000,0.0165952152508
19.4581000000,0.301322720000,0.0170027116336
19.5791000000,0.296843320000,0.0169557472421
19.7001000000,0.293410220000,0.0168826675208
19.8211000000,0.302336420000,0.0171271034761
19.9421000000,0.302555120000,0.0172071622320
20.0630000000,0.348435120000,0.0180342161416
20.1840000000,0.320545560000,0.0173356772641
20.3050000000,0.325165300000,0.0174646888428
20.4260000000,0.289684800000,0.0167305834182
20.5470000000,0.322849040000,0.0173766838855
20.6680000000,0.311709700000,0.0172814737702
20.7889000000,0.304365600000,0.0171837625043
20.9099000000,0.305936400000,0.0171966837624
21.0309000000,0.309023860000,0.0172883885849
21.1519000000,0.289833080000,0.0168786343329
21.2729000000,0.345650220000,0.0180038158152
21.3939000000,0.341009480000,0.0178504706566
21.5148000000,0.333135280000,0.0176836204132
21.6358000000,0.329953640000,0.0176008949699
21.7568000000,0.334142520000,0.0176131348665
21.8778000000,0.345442680000,0.0178125599010
21.9988000000,0.366552840000,0.0182515231730
22.1198000000,0.354913760000,0.0180018280725
22.2407000000,0.343940760000,0.0177880777253
22.3617000000,0.344632500000,0.0178305753019
22.4827000000,0.329440200000,0.0175533800060
22.6037000000,0.351473200000,0.0180013820994
22.7247000000,0.337139400000,0.0177264931892
22.8457000000,0.359516500000,0.0182568659270
22.9666000000,0.388956000000,0.0188939152828
23.0876000000,0.360673960000,0.0182295213137
23.2086000000,0.359940480000,0.0182478249119
23.3296000000,0.354776560000,0.0181843929865
23.4506000000,0.348401860000,0.0180273232389
23.5716000000,0.365840340000,0.0184020986725
23.6925000000,0.351919020000,0.0181888352246
23.8135000000,0.365865280000,0.0184813229449
23.9345000000,0.363347680000,0.0184897338723
24.0555000000,0.360144560000,0.0183724119843
24.1563000000,0.367919420000,0.0224940890864
24.2571000000,0.365021560000,0.00981573513521
24.3784000000,0.372993520000,0.00976519851607
24.5003000000,0.360285240000,0.00943495133309
24.6228000000,0.373807580000,0.00953392328836
24.7459000000,0.363825460000,0.00939255056089
24.8696000000,0.374917260000,0.00949417411823
24.9940000000,0.375923420000,0.00947994713548
25.1190000000,0.378446740000,0.00946567653849
25.2446000000,0.365802840000,0.00931075311308
25.3708000000,0.382353720000,0.00945192265021
25.4976000000,0.371407200000,0.00932524512712
25.6251000000,0.371693340000,0.00928938360123
25.7533000000,0.391329680000,0.00949983272120
25.8820000000,0.387162720000,0.00942759114553
26.0114000000,0.375616140000,0.00929743091454
26.1415000000,0.388482520000,0.00940997163019
26.2722000000,0.373991820000,0.00924513280494
26.4036000000,0.377333660000,0.00925489486567
26.5356000000,0.398546660000,0.00943564246652
26.6682000000,0.400750040000,0.00941196979206
26.8016000000,0.385700620000,0.00924298780472
26.9356000000,0.402263040000,0.00937468648995
27.0703000000,0.396841560000,0.00928115729288
27.2056000000,0.397505320000,0.00926785742957
27.3417000000,0.393800840000,0.00921277589073
27.4784000000,0.407367900000,0.00933084943399
27.6158000000,0.404866360000,0.00928070537702
27.7538000000,0.389249400000,0.00912807338777
27.8926000000,0.385517120000,0.00905992796383
28.0321000000,0.396369800000,0.00914673573022
28.1722000000,0.401681360000,0.00917235904065
28.3131000000,0.398348980000,0.00912957981791
28.4547000000,0.414861260000,0.00924229101972
28.5969000000,0.396683900000,0.00907805326441
28.7399000000,0.406911040000,0.00914603413023
28.8836000000,0.416221460000,0.00920279479637
29.0280000000,0.423228420000,0.00923255651677
29.1732000000,0.397669680000,0.00898390693660
29.3190000000,0.393110940000,0.00889111576846
29.4656000000,0.418084740000,0.00904997867182
29.6130000000,0.402727900000,0.00888968028669
29.7610000000,0.433487920000,0.00913078147275
29.9098000000,0.428049800000,0.00906408241039
30.0594000000,0.424728960000,0.00901604060403
30.2097000000,0.428018640000,0.00904585451551
30.3607000000,0.427536960000,0.00900194138347
30.5125000000,0.423858740000,0.00896187206196
30.6651000000,0.432556200000,0.00900290575490
30.8184000000,0.438788280000,0.00903655062077
30.9725000000,0.435472380000,0.00897530489888
31.1274000000,0.429235040000,0.00891543819112
31.2830000000,0.430998260000,0.00889711685532
31.4394000000,0.434494760000,0.00892744488976
31.5966000000,0.426005600000,0.00882002179765
31.7546000000,0.419441420000,0.00873506169055
31.9134000000,0.423651560000,0.00876366340998
32.0729000000,0.432735740000,0.00882802568915
32.2333000000,0.440968480000,0.00888390422133
32.3945000000,0.444428400000,0.00891188668862
32.5564000000,0.442343520000,0.00887782611705
32.7192000000,0.439396940000,0.00882904425853
32.8828000000,0.439311440000,0.00879800799190
33.0472000000,0.443328680000,0.00880660421085
33.2125000000,0.449066560000,0.00884261556759
33.3785000000,0.464181820000,0.00895328605574
33.5454000000,0.457644720000,0.00889107101895
33.7132000000,0.433891800000,0.00866718649567
33.8817000000,0.433589080000,0.00863877943485
34.0511000000,0.463564820000,0.00887021544730
34.2214000000,0.465930780000,0.00886773136194
34.3925000000,0.467941200000,0.00886461135785
34.5645000000,0.454597260000,0.00874063693898
34.7373000000,0.472236640000,0.00886788900580
34.9110000000,0.477994280000,0.00889209279431
35.0855000000,0.477918180000,0.00886718798552
35.2609000000,0.470151760000,0.00879668472321
35.4373000000,0.471792560000,0.00881645980620
35.6144000000,0.463299260000,0.00874819506552
35.7925000000,0.458851860000,0.00869683757097
35.9715000000,0.479202140000,0.00883916769815
36.1513000000,0.472654300000,0.00876748195044
36.3321000000,0.467896520000,0.00869783211184
36.5137000000,0.478491800000,0.00876251013271
36.6963000000,0.461457640000,0.00861010992296
36.8798000000,0.478843540000,0.00873038347715
37.0642000000,0.492148320000,0.00879604798010
37.2495000000,0.481649580000,0.00871240971482
37.4358000000,0.484974160000,0.00871913558202
37.6229000000,0.484664000000,0.00869996544914
37.8111000000,0.496478880000,0.00875732146477
38.0001000000,0.496312080000,0.00875170520910
38.1901000000,0.487239860000,0.00865691159064
38.3811000000,0.501582340000,0.00874151760859
38.5730000000,0.489057340000,0.00861115309333
38.7658000000,0.505308400000,0.00870743661203
38.9597000000,0.503053220000,0.00867216611737
39.1545000000,0.497082200000,0.00862181284138
39.3502000000,0.495835040000,0.00859012117945
39.5470000000,0.502784100000,0.00862688611167
39.7447000000,0.504145540000,0.00862345746303
39.9434000000,0.489040420000,0.00848368184459
40.1432000000,0.522543920000,0.00872251921582
40.3439000000,0.512365120000,0.00863205826048
40.5456000000,0.517322440000,0.00864708907245
40.7483000000,0.517253760000,0.00862782671164
40.9521000000,0.512885780000,0.00857844863061
41.1568000000,0.507937020000,0.00851978519311
41.3626000000,0.526783540000,0.00863832175733
41.5694000000,0.526764840000,0.00862171644456
41.7773000000,0.515054300000,0.00853111028633
41.9862000000,0.526655820000,0.00859521176215
42.1961000000,0.509176960000,0.00844148052115
42.4071000000,0.523761780000,0.00852111640401
42.6191000000,0.527326080000,0.00851889486815
42.8322000000,0.533482100000,0.00853240296536
43.0464000000,0.538203920000,0.00854800504097
43.2616000000,0.536984220000,0.00852952491490
43.4779000000,0.533163760000,0.00848744932245
43.6953000000,0.537515920000,0.00849639393493
43.9138000000,0.535875900000,0.00846696123500
44.1333000000,0.517370360000,0.00832409416555
44.3540000000,0.530060680000,0.00838031653946
44.5758000000,0.535813160000,0.00840569310033
44.7987000000,0.542749400000,0.00843655811221
45.0226000000,0.549875080000,0.00845709821414
45.2478000000,0.548178060000,0.00843104677607
45.4740000000,0.547171800000,0.00840814951224
45.7014000000,0.543594980000,0.00836898373691
45.9299000000,0.545446220000,0.00837092817605
46.1595000000,0.559402320000,0.00844564837100
46.3903000000,0.552237980000,0.00837581451621
46.6223000000,0.548956260000,0.00834295964213
46.8554000000,0.557336040000,0.00837449778067
47.0897000000,0.547341940000,0.00829571107253
47.3251000000,0.550024760000,0.00830268421645
47.5617000000,0.539079020000,0.00821332824744
47.7995000000,0.554008240000,0.00829059520908
48.0385000000,0.556569360000,0.00829671711954
48.2787000000,0.554884400000,0.00826956077471
48.5201000000,0.551044900000,0.00822382938714
48.7627000000,0.556740020000,0.00824494230163
49.0065000000,0.558071420000,0.00823679797617
49.2516000000,0.555532520000,0.00819948285425
49.4978000000,0.546058240000,0.00812573787111
49.7453000000,0.568002580000,0.00825113389353
49.9940000000,0.565429560000,0.00822121096966
50.2440000000,0.562186800000,0.00819082573976
50.4952000000,0.572419980000,0.00824330195386
50.7477000000,0.565060740000,0.00817341015631
51.0015000000,0.567238380000,0.00816920335949
51.2565000000,0.579864980000,0.00822193218445
51.5127000000,0.558653000000,0.00808548288897
51.7703000000,0.582153640000,0.00821046282829
52.0292000000,0.575635100000,0.00816357703634
52.2893000000,0.577485280000,0.00816549651073
52.5507000000,0.585056180000,0.00820069966260
52.8135000000,0.569478580000,0.00807814107342
53.0776000000,0.574602960000,0.00809932170915
53.3430000000,0.568293240000,0.00804373409976
53.6097000000,0.592395140000,0.00818076076998
53.8777000000,0.592362960000,0.00816771986052
54.1471000000,0.592374840000,0.00815445305581
54.4178000000,0.599179080000,0.00817444045240
54.6899000000,0.585459220000,0.00808374524455
54.9634000000,0.590625060000,0.00809936064630
55.2382000000,0.586599720000,0.00807239347148
55.5144000000,0.591284520000,0.00808481682895
55.7920000000,0.593001340000,0.00808953954011
56.0709000000,0.607017780000,0.00815518002721
56.3513000000,0.601329480000,0.00810972695414
56.6330000000,0.606044320000,0.00811955095020
56.9162000000,0.632912580000,0.00825947929578
57.2008000000,0.619213260000,0.00817393585535
57.4868000000,0.608631100000,0.00810035538147
57.7742000000,0.608724320000,0.00809358628610
58.0631000000,0.622390080000,0.00815341796645
58.3534000000,0.621701620000,0.00813906256718
58.6452000000,0.611518900000,0.00806343798669
58.9384000000,0.617988320000,0.00809442535965
59.2331000000,0.630984680000,0.00815020646528
59.5293000000,0.635995400000,0.00817868822358
59.8269000000,0.626485980000,0.00810105613440
60.1260000000,0.638544640000,0.00814856611743
60.4267000000,0.647185940000,0.00818661130161
60.7288000000,0.640573140000,0.00813218031004
61.0324000000,0.637151880000,0.00809869152639
61.3376000000,0.635869120000,0.00808700931561
61.6443000000,0.642886000000,0.00812159340457
61.9525000000,0.652528460000,0.00816406929408
62.2623000000,0.648796460000,0.00813480449747
62.5736000000,0.636407480000,0.00805574451430
62.8865000000,0.643903060000,0.00807942123365
63.2009000000,0.656393340000,0.00813664302923
63.5169000000,0.655014580000,0.00811467014698
63.8345000000,0.654904420000,0.00811074381593
64.1537000000,0.677810960000,0.00822888386731
64.4744000000,0.668714920000,0.00817743566851
64.7968000000,0.676558400000,0.00821262026605
65.1208000000,0.684954900000,0.00825030969829
65.4464000000,0.678766320000,0.00821339018104
65.7736000000,0.688134040000,0.00826462984881
66.1025000000,0.680229520000,0.00821441368054
66.4330000000,0.691866160000,0.00827382254481
66.7652000000,0.692350100000,0.00828110032736
67.0990000000,0.686419400000,0.00825196069130
67.4345000000,0.690867580000,0.00827320291339
67.7716000000,0.714702920000,0.00840187130569
68.1105000000,0.717772280000,0.00842271111303
68.4511000000,0.710672800000,0.00838800895220
68.7933000000,0.721527560000,0.00844066231935
69.1373000000,0.722148540000,0.00843950569930
69.4830000000,0.729376040000,0.00847997439217
69.8304000000,0.724214000000,0.00845817629117
70.1795000000,0.742372400000,0.00856110800227
70.5304000000,0.741586400000,0.00856274371694
70.8831000000,0.738104000000,0.00856997898898
71.2375000000,0.744417800000,0.00863009215112
71.5937000000,0.726457200000,0.00858408897798
71.9517000000,0.739019800000,0.00867494930466
72.3114000000,0.741626800000,0.00873173694891
72.6730000000,0.738586000000,0.00875623697133
73.0363000000,0.746865200000,0.00883104390544
73.4015000000,0.752021400000,0.00886658859427
73.7685000000,0.740288000000,0.00880182525747
74.1374000000,0.746816000000,0.00879524186850
74.5081000000,0.752125600000,0.00875039359834
74.8806000000,0.754845800000,0.00867153374569
75.2550000000,0.766685600000,0.00864126974813
75.6313000000,0.781976200000,0.00864030639656
76.0094000000,0.802337060000,0.00867544313380
76.3895000000,0.809607060000,0.00867269951262
76.7714000000,0.792141380000,0.00856609034150
77.1553000000,0.779650460000,0.00848105269007
77.5411000000,0.797350480000,0.00854586464660
77.9288000000,0.803942860000,0.00855935174953
78.3184000000,0.795839660000,0.00850665956397
78.7100000000,0.805792260000,0.00854335358581
79.1035000000,0.812035660000,0.00855921852081
79.4991000000,0.815576680000,0.00855650110911
79.8966000000,0.814002880000,0.00854866436879
80.2960000000,0.818032480000,0.00855473993148
80.6975000000,0.823836500000,0.00857272778738
81.1010000000,0.821104660000,0.00854274271841
81.5065000000,0.840604840000,0.00861897468884
81.9141000000,0.826161580000,0.00853145019476
82.3236000000,0.833983160000,0.00854891266226
82.7352000000,0.824812780000,0.00848258018135
83.1489000000,0.826131540000,0.00847047583000
83.5647000000,0.823205760000,0.00843813112981
83.9825000000,0.839590800000,0.00849787428603
84.4024000000,0.834791980000,0.00845762422257
84.8244000000,0.824280060000,0.00839931273910
85.2485000000,0.838685620000,0.00845148016117
85.6748000000,0.830322420000,0.00840569052448
86.1031000000,0.832767680000,0.00840228861410
86.5337000000,0.841620680000,0.00843162281176
86.9663000000,0.848323860000,0.00845170226663
87.4012000000,0.840990080000,0.00841205217120
87.8382000000,0.842128280000,0.00840707518213
88.2774000000,0.841988840000,0.00839609321073
88.7187000000,0.835149420000,0.00835211559387
89.1623000000,0.834636220000,0.00833819068670
89.6082000000,0.853714100000,0.00841274208013
90.0562000000,0.838394280000,0.00833437185994
90.5065000000,0.835943820000,0.00830924276788
90.9590000000,0.848640300000,0.00835587344528
91.4138000000,0.843977060000,0.00832201836716
91.8709000000,0.827975060000,0.00823490091215
92.3302000000,0.839365760000,0.00827431070506
92.7919000000,0.833554060000,0.00824269754076
93.2558000000,0.833889600000,0.00823200442234
93.7221000000,0.830824720000,0.00820773352942
94.1907000000,0.820283760000,0.00815819461397
94.6617000000,0.821391860000,0.00815130621679
95.1350000000,0.825583880000,0.00815906584137
95.6107000000,0.814064900000,0.00810690125160
96.0887000000,0.813221000000,0.00808825647867
96.5692000000,0.818428500000,0.00810791271806
97.0520000000,0.817110760000,0.00809660904486
97.5373000000,0.807832740000,0.00804516670772
98.0249000000,0.807956660000,0.00803923302581
98.5151000000,0.800816320000,0.00801440399184
99.0076000000,0.796357920000,0.00798794684813
99.5027000000,0.781909140000,0.00791540329486
100.000000000,0.788403460000,0.00794125687618
100.500000000,0.775767160000,0.00788107308206
101.003000000,0.768002100000,0.00784423742138
101.508000000,0.774954500000,0.00786897052164
102.015000000,0.776962000000,0.00787730568817
102.525000000,0.762232400000,0.00780466682390
103.038000000,0.756338400000,0.00776638840833
103.553000000,0.751062400000,0.00773176427015
104.071000000,0.755029200000,0.00774529742487
104.591000000,0.748066800000,0.00771075011091
105.114000000,0.736688600000,0.00765734621303
105.640000000,0.730494800000,0.00762203302688
106.168000000,0.722463800000,0.00759063833199
106.699000000,0.717227000000,0.00756179795403
107.232000000,0.711976400000,0.00753322530786
107.768000000,0.715183200000,0.00754004870622
108.307000000,0.714920200000,0.00753638114508
108.849000000,0.700639200000,0.00747052116301
109.393000000,0.706281800000,0.00749048138539
109.940000000,0.676111600000,0.00735723266733
110.490000000,0.686850600000,0.00741456422447
111.042000000,0.686087000000,0.00741504315642
111.597000000,0.676393200000,0.00736954150716
112.155000000,0.675216600000,0.00735972486826
112.716000000,0.675575600000,0.00735695981433
113.280000000,0.650888200000,0.00723946937803
113.846000000,0.646748600000,0.00720994435489
114.415000000,0.654574800000,0.00724748567467
114.987000000,0.658733400000,0.00726377088947
115.562000000,0.632872800000,0.00714512738025
116.140000000,0.637159800000,0.00716728666504
116.721000000,0.620927200000,0.00710494496568
117.305000000,0.618015200000,0.00709472289575
117.891000000,0.617212600000,0.00709211039400
118.481000000,0.623797000000,0.00712759914463
119.073000000,0.603036800000,0.00704237754974
119.668000000,0.601036800000,0.00702565274554
120.267000000,0.586239000000,0.00696083995498
120.868000000,0.601653600000,0.00703546486486
121.472000000,0.605567000000,0.00704947639246
122.080000000,0.596473400000,0.00700498740365
122.690000000,0.589090600000,0.00696921981234
123.304000000,0.588092400000,0.00695626868520
123.920000000,0.583177000000,0.00692439768645
124.540000000,0.575320400000,0.00688850333878
125.162000000,0.595313000000,0.00697763826628
125.788000000,0.577411200000,0.00689469802157
126.417000000,0.572024400000,0.00687200117075
127.049000000,0.562464400000,0.00683411243026
127.684000000,0.564235200000,0.00684698180428
128.323000000,0.557445600000,0.00682659975709
128.964000000,0.556288400000,0.00683433780356
129.609000000,0.547674200000,0.00680133392278
130.257000000,0.549565800000,0.00681146702991
130.909000000,0.541951200000,0.00678660729784
131.563000000,0.539043200000,0.00677943989129
132.221000000,0.532465000000,0.00676293572017
132.882000000,0.522668400000,0.00673772472008
133.546000000,0.519590400000,0.00674531643286
134.214000000,0.524415000000,0.00678165964949
134.885000000,0.525348200000,0.00681465194493
135.560000000,0.521520200000,0.00682769512071
136.238000000,0.502280200000,0.00676215384941
136.919000000,0.501268000000,0.00680010254720
137.603000000,0.492896000000,0.00679771625749
138.291000000,0.484791800000,0.00678860396782
138.983000000,0.490552600000,0.00684613959202
139.678000000,0.470552200000,0.00679258928456
140.376000000,0.475171200000,0.00683225235173
141.078000000,0.469040400000,0.00683259157297
141.783000000,0.465217600000,0.00685317661712
142.492000000,0.449366800000,0.00681335936722
143.205000000,0.454399800000,0.00685942311167
143.921000000,0.427303200000,0.00677007255468
144.640000000,0.425013200000,0.00679199146424
145.364000000,0.432300200000,0.00684227513467
146.090000000,0.422833600000,0.00682890314848
146.821000000,0.398186600000,0.00674001872369
147.555000000,0.410897800000,0.00681279394497
148.293000000,0.410797200000,0.00681613366480
149.034000000,0.406748800000,0.00680305198153
149.779000000,0.393062200000,0.00673993126352
150.528000000,0.402576600000,0.00678324951824
151.281000000,0.397972600000,0.00676289548768
152.037000000,0.386745200000,0.00671731507505
152.797000000,0.377473200000,0.00668697408923
153.561000000,0.375061000000,0.00667842042463
154.329000000,0.379234400000,0.00669625141124
155.101000000,0.373634600000,0.00667763291916
155.876000000,0.384167600000,0.00671993952543
156.656000000,0.378066000000,0.00668318038822
157.439000000,0.367257600000,0.00662947880582
158.226000000,0.363434800000,0.00660348240796
159.017000000,0.367316600000,0.00660193767093
159.812000000,0.366611800000,0.00659634504981
160.612000000,0.357798600000,0.00654019494273
161.415000000,0.366757400000,0.00657483366395
162.222000000,0.355066400000,0.00650978791924
163.033000000,0.342627200000,0.00645273018794
163.848000000,0.362869200000,0.00654150818557
164.667000000,0.348540000000,0.00648392798693
165.491000000,0.342698000000,0.00645679948781
166.318000000,0.341238200000,0.00644923027836
167.150000000,0.325347400000,0.00636440649460
167.985000000,0.334683000000,0.00640475505338
168.825000000,0.334943800000,0.00639482660072
169.669000000,0.328913200000,0.00635534259756
170.518000000,0.335340800000,0.00638239523233
171.370000000,0.327746800000,0.00633221736085
172.227000000,0.327932200000,0.00631415802065
173.088000000,0.331236600000,0.00630565529721
173.954000000,0.318251800000,0.00621733889480
174.823000000,0.319515000000,0.00620087083138
175.698000000,0.311351400000,0.00614922251150
176.576000000,0.314372000000,0.00615009170061
177.459000000,0.313820000000,0.00614016781079
178.346000000,0.307845800000,0.00610305571715
179.238000000,0.289836000000,0.00600749379543
180.134000000,0.292998200000,0.00602808771945
181.035000000,0.296612600000,0.00604488510684
181.940000000,0.289168600000,0.00600356446919
182.850000000,0.281602000000,0.00597063745286
183.764000000,0.273245200000,0.00593668385412
184.683000000,0.277915400000,0.00595354597244
185.606000000,0.264746400000,0.00588725868224
186.534000000,0.263215200000,0.00589793537395
187.467000000,0.260860600000,0.00590014725753
188.404000000,0.254592400000,0.00588610024274
189.346000000,0.251435200000,0.00588421166573
190.293000000,0.240601000000,0.00584424344685
191.244000000,0.254848600000,0.00591758868122
192.201000000,0.232296600000,0.00578837528362
193.162000000,0.235709600000,0.00577783696315
194.128000000,0.232455000000,0.00571824334097
195.098000000,0.245056400000,0.00572957729384
196.074000000,0.235474000000,0.00562643970424
197.054000000,0.237106400000,0.00558160578359
198.039000000,0.242773400000,0.00555844433113
199.029000000,0.234839400000,0.00548595178237
200.025000000,0.248230000000,0.00553827222982
201.025000000,0.252840600000,0.00554221423946
202.030000000,0.242257800000,0.00547213108649
203.040000000,0.230032200000,0.00539845391619
204.055000000,0.245083200000,0.00546722110095
205.075000000,0.245835000000,0.00545944772449
206.101000000,0.253355800000,0.00548627479836
207.131000000,0.248866400000,0.00544034205514
208.167000000,0.237767000000,0.00535841328995
209.208000000,0.241533000000,0.00536129395223
210.254000000,0.237919200000,0.00532142510824
211.305000000,0.243119000000,0.00534768319101
212.362000000,0.239449400000,0.00532875169124
213.424000000,0.236921400000,0.00531676180338
214.491000000,0.240541400000,0.00534054457094
215.563000000,0.237096200000,0.00532792823342
216.641000000,0.243401200000,0.00536412068664
217.724000000,0.238085000000,0.00535063227590
218.813000000,0.228020000000,0.00530929859781
219.907000000,0.244362800000,0.00542337248559
221.006000000,0.230283800000,0.00536570337652
222.111000000,0.227279200000,0.00536734973861
223.222000000,0.218923600000,0.00534434087592
224.338000000,0.210585000000,0.00530497949947
225.460000000,0.220267200000,0.00536512570993
226.587000000,0.213430000000,0.00533226584750
227.720000000,0.219737200000,0.00536599052843
228.859000000,0.218021000000,0.00533314055245
230.003000000,0.218622200000,0.00532756350102
231.153000000,0.214979200000,0.00530789874821
232.309000000,0.209152400000,0.00527218671703
233.470000000,0.203576200000,0.00525119748111
234.638000000,0.195798000000,0.00523680374323
235.811000000,0.204223000000,0.00531534713008
236.990000000,0.195236400000,0.00528368728532
238.175000000,0.195093600000,0.00530434404647
239.366000000,0.180990400000,0.00525346576532
240.562000000,0.189277400000,0.00531451810160
241.765000000,0.190027600000,0.00533038052673
242.974000000,0.170162400000,0.00521861339975
244.189000000,0.176211400000,0.00524778966811
245.410000000,0.187356600000,0.00528932170090
246.637000000,0.184845000000,0.00524639615009
247.870000000,0.188980600000,0.00523917214179
249.109000000,0.179556200000,0.00516507185625
250.355000000,0.186776000000,0.00516432150587
251.607000000,0.192209400000,0.00515736850899
252.865000000,0.188232000000,0.00509968965728
254.129000000,0.186733400000,0.00505551819873
255.400000000,0.194416200000,0.00505875392195
256.677000000,0.191542400000,0.00502395513998
257.960000000,0.199832600000,0.00504872638543
259.250000000,0.192443000000,0.00499629105774
260.546000000,0.196914400000,0.00500948922633
261.849000000,0.195929400000,0.00500703384857
263.158000000,0.190313600000,0.00496229085334
264.474000000,0.187628200000,0.00495549414961
265.796000000,0.183018600000,0.00494991853212
267.125000000,0.189594800000,0.00502738403880
268.461000000,0.187329600000,0.00503811093240
269.803000000,0.182412800000,0.00505212180823
271.152000000,0.174169400000,0.00504572029210
272.508000000,0.168147000000,0.00505920665918
273.871000000,0.168502200000,0.00510915124667
275.240000000,0.165175400000,0.00515499885861
276.616000000,0.151704600000,0.00514137625028
277.999000000,0.147490800000,0.00517524101157
279.389000000,0.136077000000,0.00516760196551
280.786000000,0.132222400000,0.00520864140991
282.190000000,0.130182200000,0.00525486589314
283.601000000,0.126595600000,0.00528321426849
285.019000000,0.114147800000,0.00526287578956
286.444000000,0.115510200000,0.00531599534325
287.876000000,0.103944200000,0.00526079783098
289.316000000,0.107196200000,0.00528810859837
290.762000000,0.100823600000,0.00524634966777
292.216000000,0.104878200000,0.00525640740313
293.677000000,0.115740800000,0.00528787642494
295.146000000,0.117537000000,0.00525874427421
296.621000000,0.107606800000,0.00516056444810
298.104000000,0.116592600000,0.00516546208901
299.595000000,0.111697800000,0.00507746023285
301.093000000,0.118980200000,0.00507342511919
302.598000000,0.121173400000,0.00505182889173
304.111000000,0.114802600000,0.00497969653012
305.632000000,0.122999000000,0.00501537256576
307.160000000,0.127469000000,0.00500695304050
308.696000000,0.118586400000,0.00491394270424
310.239000000,0.121405000000,0.00489379022378
311.791000000,0.129251400000,0.00488375813989
313.350000000,0.131855800000,0.00484202317035
314.916000000,0.138010600000,0.00483668155572
316.491000000,0.138701200000,0.00477611357365
318.073000000,0.136078600000,0.00469527014598
319.664000000,0.137589400000,0.00464961102498
321.262000000,0.137265200000,0.00458095753881
322.868000000,0.153594400000,0.00462338184935
324.483000000,0.156737800000,0.00459271058903
326.105000000,0.158955600000,0.00456452233520
327.736000000,0.162918000000,0.00454957354690
329.374000000,0.155824600000,0.00446741047705
331.021000000,0.159244800000,0.00446996354426
332.676000000,0.157390000000,0.00443373679802
334.340000000,0.159935400000,0.00443145504922
336.011000000,0.160244400000,0.00442249048782
337.691000000,0.154894400000,0.00436674148808
339.380000000,0.157168800000,0.00436985279456
341.077000000,0.158562200000,0.00436816251928
342.782000000,0.155302800000,0.00434246259045
344.496000000,0.159244000000,0.00436617690670
346.218000000,0.156113200000,0.00434279428020
347.950000000,0.152680120000,0.00431844867208
349.689000000,0.151978000000,0.00430529944923
351.438000000,0.159309740000,0.00434221053194
353.195000000,0.155109300000,0.00430612524084
354.961000000,0.156435700000,0.00432331652801
356.736000000,0.164097180000,0.00439698514944
358.519000000,0.153070580000,0.00431547764123
360.312000000,0.147159460000,0.00428712440357
362.114000000,0.152341480000,0.00433795661103
363.924000000,0.152179220000,0.00432768549341
365.744000000,0.148587320000,0.00429086756880
367.572000000,0.142976700000,0.00424074173896
369.410000000,0.146180900000,0.00426736247091
371.257000000,0.150448180000,0.00430727698430
373.114000000,0.149686420000,0.00431086289320
374.979000000,0.149749860000,0.00432341248169
376.854000000,0.143632200000,0.00429919302657
378.738000000,0.151125740000,0.00437737869332
380.632000000,0.144047880000,0.00432539839501
382.535000000,0.144748300000,0.00435532262298
384.448000000,0.141514280000,0.00433704088239
386.370000000,0.149275680000,0.00440624101694
388.302000000,0.145893840000,0.00438933195576
390.244000000,0.138137120000,0.00432507863866
392.195000000,0.134378720000,0.00430312494599
394.156000000,0.146546000000,0.00441734920017
396.127000000,0.146252600000,0.00442082270792
398.107000000,0.131446480000,0.00431302374089
400.098000000,0.136274800000,0.00437728882234
402.098000000,0.134652800000,0.00438380701657
404.109000000,0.140451800000,0.00445166970994
406.129000000,0.127162600000,0.00436491611238
408.160000000,0.132878400000,0.00443935518923
410.201000000,0.133489200000,0.00447480870759
412.252000000,0.128755000000,0.00445415462848
414.313000000,0.123056800000,0.00443146040780
416.384000000,0.126280800000,0.00447673075499
418.466000000,0.122511600000,0.00445120201299
420.559000000,0.120735000000,0.00445407884387
422.662000000,0.124751000000,0.00449701225919
424.775000000,0.119768200000,0.00446916832059
426.899000000,0.117355800000,0.00446588370318
429.033000000,0.119487200000,0.00449238561117
431.178000000,0.122810000000,0.00451915640330
433.334000000,0.118366000000,0.00450491641852
435.501000000,0.122348400000,0.00454856232623
437.678000000,0.115933000000,0.00452579759474
439.867000000,0.108859400000,0.00448569775747
442.066000000,0.109556800000,0.00451677642440
444.276000000,0.111834400000,0.00453855051889
446.498000000,0.106510600000,0.00449719838802
448.730000000,0.107095600000,0.00451185201831
450.974000000,0.108389600000,0.00454392069188
453.229000000,0.0987388000000,0.00446506649567
455.495000000,0.104184800000,0.00451770810639
457.773000000,0.0965498000000,0.00446408699549
460.061000000,0.0880232000000,0.00437906773306
462.362000000,0.0962414000000,0.00444422225059
464.673000000,0.0886254000000,0.00437280716662
466.997000000,0.0807328000000,0.00430412821355
469.332000000,0.0806774000000,0.00430869923638
471.679000000,0.0813194000000,0.00431502389714
474.037000000,0.0845320000000,0.00434230742586
476.407000000,0.0774004000000,0.00427995267808
478.789000000,0.0792598000000,0.00430668634522
481.183000000,0.0772178000000,0.00427439152207
483.589000000,0.0697120000000,0.00419420917046
486.007000000,0.0849172000000,0.00433638434464
488.437000000,0.0837242000000,0.00431952369692
490.879000000,0.0763204000000,0.00422600302562
493.334000000,0.0797858000000,0.00425029802518
495.800000000,0.0789969800000,0.00423053646623
498.279000000,0.0837148200000,0.00427578298954
500.771000000,0.0783526658194,0.00421052332033
503.274000000,0.0830779196262,0.00424700628519
505.791000000,0.0829912241067,0.00424375403436
508.320000000,0.0773542672720,0.00416958520791
510.861000000,0.0828498946661,0.00422709312707
513.416000000,0.0848812638685,0.00424323844190
515.983000000,0.0888372711229,0.00428685352411
518.563000000,0.0892980453079,0.00428899380894
521.155000000,0.0848564091443,0.00425992331603
523.761000000,0.0847473142870,0.00427517969156
526.380000000,0.0872283870717,0.00431294313106
529.012000000,0.0929182271816,0.00437835733995
531.657000000,0.0882492063815,0.00434520390384
534.315000000,0.0925297174813,0.00440320526834
536.987000000,0.0871574522353,0.00435077835444
539.672000000,0.0917011517391,0.00442524901266
542.370000000,0.101296106685,0.00454409930070
545.082000000,0.0899926240844,0.00444309913154
547.807000000,0.0911205390260,0.00448595262911
550.546000000,0.0950473605152,0.00454217564932
553.299000000,0.0916494391757,0.00451327661912
556.066000000,0.0898160598386,0.00451341748628
558.846000000,0.0905813033454,0.00453556056360
561.640000000,0.0923121022143,0.00454842460737
