# X , Y , E Distribution=true

-20.1034,0.0104696,0.00251042
-19.9824,0.00821197,0.00220753
-19.8614,0.010239,0.00248152
-19.7404,0.00970037,0.00241293
-19.6194,0.0136899,0.00286828
-19.4985,0.0139622,0.00291324
-19.3775,0.00843055,0.00225445
-19.2565,0.0132526,0.00282803
-19.1355,0.0156958,0.0030805
-19.0145,0.0169441,0.00320412
-18.8935,0.0197066,0.00347443
-18.7726,0.014316,0.00292507
-18.6516,0.0144441,0.00295977
-18.5306,0.0220224,0.00367452
-18.4096,0.0159444,0.00312848
-18.2886,0.018074,0.00331613
-18.1676,0.02139,0.0036068
-18.0467,0.0215873,0.00365262
-17.9257,0.0152241,0.00305917
-17.8047,0.0260906,0.00400565
-17.6837,0.0248775,0.00391107
-17.5627,0.0194818,0.00347783
-17.4417,0.0238409,0.00383549
-17.3208,0.0263753,0.00404602
-17.1998,0.0302045,0.0043379
-17.0788,0.0264873,0.00404857
-16.9578,0.02172,0.00367359
-16.8368,0.0253555,0.00398841
-16.7158,0.0293963,0.00430327
-16.5949,0.0952172,0.00786806
-16.4739,0.201859,0.0115646
-16.3529,0.19874,0.0114472
-16.2319,0.08339,0.00736253
-16.1109,0.0857185,0.00745736
-15.9899,0.105491,0.00830104
-15.869,0.0714534,0.00682642
-15.748,0.0858452,0.00748449
-15.627,0.137657,0.00950976
-15.506,0.0817872,0.00727562
-15.385,0.0907398,0.00767686
-15.264,0.0782963,0.00713194
-15.1431,0.121518,0.00895286
-15.0221,0.137556,0.00954876
-14.9011,0.126971,0.00915827
-14.7801,0.103101,0.00824372
-14.6591,0.125528,0.00909915
-14.5381,0.164337,0.0104375
-14.4172,0.153616,0.0100971
-14.2962,0.1393,0.00965292
-14.1752,0.1578,0.0102469
-14.0542,0.148952,0.00996283
-13.9332,0.162588,0.0103922
-13.8122,0.184751,0.0110916
-13.6913,0.191452,0.0113387
-13.5703,0.23533,0.0125819
-13.4493,0.24438,0.0128066
-13.3283,0.242919,0.0127675
-13.2073,0.231651,0.012476
-13.0863,0.253278,0.0130468
-12.9654,0.26903,0.0134417
-12.8444,0.25833,0.0131885
-12.7234,0.268397,0.0134327
-12.6024,0.287718,0.0139054
-12.4814,0.313532,0.0144993
-12.3604,0.287719,0.0138915
-12.2395,0.283002,0.0137964
-12.1185,0.273206,0.013559
-11.9975,0.322622,0.0147158
-11.8765,0.299157,0.0141873
-11.7555,0.315307,0.0145616
-11.6345,0.297939,0.0141357
-11.5136,0.307702,0.0143646
-11.3926,0.363401,0.0156365
-11.2716,0.318608,0.0146187
-11.1506,0.340467,0.0151148
-11.0296,0.356207,0.0154747
-10.9086,0.37553,0.0158784
-10.7877,0.360718,0.0155874
-10.6667,0.392646,0.0162571
-10.5457,0.431834,0.0170213
-10.4247,0.423501,0.0168772
-10.3037,0.449261,0.0173737
-10.1828,0.465706,0.0176968
-10.0618,0.490805,0.0181807
-9.94078,0.497456,0.0183028
-9.8198,0.508825,0.0184943
-9.69882,0.541664,0.0191074
-9.57783,0.506946,0.0184865
-9.45685,0.551578,0.0192871
-9.33587,0.538493,0.0190715
-9.21488,0.505347,0.01848
-9.0939,0.580343,0.0197967
-8.97292,0.547126,0.0192354
-8.85194,0.56258,0.0195135
-8.73095,0.555147,0.0193883
-8.60997,0.584803,0.0198766
-8.48899,0.619066,0.0204412
-8.368,0.612801,0.020337
-8.24702,0.611039,0.0203023
-8.12604,0.607873,0.0202576
-8.00505,0.615163,0.0204172
-7.88407,0.676084,0.0213689
-7.76309,0.662219,0.02115
-7.6421,0.67122,0.0213008
-7.52112,0.64852,0.0209258
-7.40014,0.702376,0.0217834
-7.27915,0.730886,0.0222326
-7.15817,0.749712,0.0225221
-7.03719,0.756237,0.0226156
-6.9162,0.74206,0.0223814
-6.79522,0.724355,0.0221328
-6.67424,0.784674,0.0230263
-6.55326,0.833465,0.0237547
-6.43227,0.80682,0.0233607
-6.31129,0.854273,0.0240287
-6.19031,0.897926,0.0246341
-6.06932,0.927524,0.0250726
-5.94834,0.926697,0.0250255
-5.82736,0.985463,0.0258237
-5.70637,1.03893,0.0264801
-5.58539,1.0701,0.0268959
-5.46441,1.06035,0.0267396
-5.34342,1.12652,0.0275631
-5.22244,1.19288,0.0283323
-5.10146,1.24088,0.0288898
-4.98047,1.36336,0.0302349
-4.85949,1.41942,0.030807
-4.73851,1.47489,0.0313797
-4.61752,1.66168,0.0332483
-4.49654,1.84493,0.0349928
-4.37556,1.9845,0.0362826
-4.25457,2.252,0.0385709
-4.13359,2.56197,0.0411363
-4.01261,3.04875,0.0447774
-3.89163,3.51566,0.0480645
-3.77064,4.11626,0.0519786
-3.64966,4.81102,0.0561309
-3.52868,5.75799,0.0614378
-3.40769,6.9065,0.0672531
-3.28671,8.41585,0.0742841
-3.16573,10.0608,0.0812734
-3.04474,12.2046,0.0896538
-2.92376,14.645,0.0982859
-2.80278,17.8899,0.108708
-2.68179,21.7478,0.12001
-2.56081,26.0934,0.131573
-2.43983,31.4061,0.144395
-2.31884,37.1082,0.15713
-2.19786,44.0334,0.171372
-2.07688,52.2963,0.187055
-1.95589,61.0812,0.202548
-1.83491,71.4024,0.219404
-1.71393,82.1922,0.235933
-1.59295,93.6855,0.252411
-1.47196,104.317,0.266812
-1.35098,116.39,0.282412
-1.23,125.915,0.294174
-1.10901,134.805,0.304839
-0.988029,143.988,0.315603
-0.867046,150.834,0.323482
-0.746063,156.15,0.329723
-0.62508,158.665,0.332772
-0.504097,159.271,0.333848
-0.383113,156.873,0.331647
-0.26213,152.055,0.326623
-0.141147,145.463,0.319593
-0.0201639,137.62,0.311011
0.100819,130.1,0.302574
0.221802,122.597,0.293989
0.342786,113.632,0.283124
0.463769,104.664,0.27191
0.584752,94.6214,0.258476
0.705735,85.1671,0.245282
0.826718,76.2098,0.232023
0.947701,67.7985,0.218921
1.06868,59.6087,0.20529
1.18967,51.9267,0.191521
1.31065,44.7059,0.177603
1.43163,38.9145,0.165698
1.55262,33.8718,0.154485
1.6736,29.6395,0.144398
1.79458,25.1431,0.133025
1.91557,21.5587,0.123126
2.03655,18.3905,0.11369
2.15753,15.7804,0.105258
2.27852,13.5791,0.0976162
2.3995,11.9116,0.0914261
2.52048,10.5007,0.0858162
2.64147,9.49728,0.0816244
2.76245,8.68972,0.0780586
2.88343,8.07243,0.075261
3.00442,7.23427,0.0712797
3.1254,6.58908,0.0681041
3.24638,5.98751,0.0649797
3.36736,5.62599,0.0630474
3.48835,5.32039,0.0613578
3.60933,5.04474,0.0598008
3.73031,4.82166,0.0584914
3.8513,4.62639,0.0573113
3.97228,4.52111,0.0566907
4.09326,4.42653,0.0561272
4.21425,4.16789,0.0545168
4.33523,3.95438,0.0531039
4.45621,3.769,0.0518684
4.5772,3.67464,0.0512711
4.69818,3.55434,0.0504362
4.81916,3.26251,0.0483622
4.94015,3.14153,0.0474731
5.06113,2.974,0.0462368
5.18211,2.83667,0.0451785
5.3031,2.70897,0.0442014
5.42408,2.52773,0.0427084
5.54506,2.47141,0.0422791
5.66605,2.33258,0.0410856
5.78703,2.14575,0.0394292
5.90801,2.15767,0.0395706
6.02899,2.10945,0.0391503
6.14998,2.11462,0.0392183
6.27096,2.10748,0.0391793
6.39194,1.96047,0.037804
6.51293,1.85783,0.0368197
6.63391,1.88188,0.0370994
6.75489,1.86784,0.0369938
6.87588,1.83934,0.0367382
6.99686,1.78668,0.0362265
7.11784,1.81375,0.0365072
7.23883,1.87925,0.037199
7.35981,1.77579,0.0361859
7.48079,1.79839,0.0364147
7.60178,1.75726,0.0360078
7.72276,1.7712,0.0361707
7.84374,1.73791,0.0358753
7.96473,1.71484,0.0356576
8.08571,1.63872,0.0348551
8.20669,1.71989,0.0357504
8.32767,1.60164,0.0345391
8.44866,1.51574,0.0336411
8.56964,1.4697,0.0331385
8.69062,1.3715,0.0320346
8.81161,1.34454,0.0317818
8.93259,1.22975,0.0304402
9.05357,1.16354,0.0296374
9.17456,1.0438,0.0280847
9.29554,1.06448,0.0284014
9.41652,0.985672,0.0273474
9.53751,0.941353,0.0267601
9.65849,0.950759,0.0269068
9.77947,0.883052,0.0259538
9.90046,0.838126,0.0253306
10.0214,0.766168,0.0242276
10.1424,0.691003,0.0230384
10.2634,0.67778,0.0228442
10.3844,0.653833,0.0224538
10.5054,0.678833,0.0228908
10.6264,0.62116,0.0219024
10.7473,0.591211,0.0213749
10.8683,0.558224,0.0207956
10.9893,0.587775,0.0213411
11.1103,0.529071,0.0202781
11.2313,0.575062,0.0211588
11.3523,0.542165,0.020561
11.4732,0.537116,0.020492
11.5942,0.508665,0.0199417
11.7152,0.539072,0.0205422
11.8362,0.514735,0.0200783
11.9572,0.478011,0.0193711
12.0782,0.487645,0.0195674
12.1991,0.483058,0.0195148
12.3201,0.513658,0.0201312
12.4411,0.456095,0.018986
12.5621,0.472502,0.0193469
12.6831,0.468717,0.0192657
12.8041,0.483142,0.0195783
12.925,0.507363,0.0200881
13.046,0.496606,0.019879
13.167,0.465507,0.0192654
13.288,0.46757,0.0193291
13.409,0.45281,0.0190267
13.53,0.418686,0.0183128
13.6509,0.427235,0.0185146
13.7719,0.452241,0.0190574
13.8929,0.399413,0.0179291
14.0139,0.405055,0.0180551
14.1349,0.439296,0.0187976
14.2559,0.410723,0.0181974
14.3768,0.423069,0.0184822
14.4978,0.436198,0.0187856
14.6188,0.388889,0.0177575
14.7398,0.407471,0.0181743
14.8608,0.390875,0.0178126
14.9817,0.355445,0.0169876
15.1027,0.36683,0.017267
15.2237,0.379325,0.0175913
15.3447,0.374272,0.0174667
15.4657,0.354901,0.0170039
15.5867,0.371249,0.0174162
15.7076,0.386875,0.017787
15.8286,0.359631,0.0171499
15.9496,0.397325,0.0180807
16.0706,0.39476,0.0180169
16.1916,0.366099,0.0173655
16.3126,0.342133,0.0167927
16.4335,0.36076,0.0172597
16.5545,0.361805,0.0172735
16.6755,0.345525,0.0169146
16.7965,0.354017,0.017126
16.9175,0.340444,0.016818
17.0385,0.343773,0.0169031
17.1594,0.381034,0.0178248
17.2804,0.373793,0.0176608
17.4014,0.381385,0.0178496
17.5224,0.378443,0.017789
17.6434,0.360782,0.0173952
17.7644,0.379282,0.0178431
17.8853,0.368284,0.0175764
18.0063,0.369177,0.0176446
18.1273,0.354209,0.0172831
18.2483,0.389371,0.0181434
18.3693,0.364153,0.0175457
18.4903,0.329637,0.0167149
18.6112,0.360957,0.0175035
18.7322,0.43086,0.0191221
18.8532,0.372114,0.0178365
18.9742,0.378029,0.0179406
19.0952,0.376419,0.0178773
19.2162,0.370038,0.017759
19.3371,0.406475,0.0186473
19.4581,0.420078,0.0189473
19.5791,0.427475,0.0191186
19.7001,0.404157,0.0185962
19.8211,0.411085,0.0187633
19.9421,0.421264,0.0190424
20.063,0.397499,0.0184828
20.184,0.383714,0.0181725
20.305,0.405816,0.0186952
20.426,0.396282,0.0184875
20.547,0.403339,0.0186527
20.668,0.419995,0.0190594
20.7889,0.409905,0.0188604
20.9099,0.412959,0.0189223
21.0309,0.423138,0.0191486
21.1519,0.425572,0.0192313
21.2729,0.440874,0.0195767
21.3939,0.439057,0.0195558
21.5148,0.466625,0.0201689
21.6358,0.436395,0.0195194
21.7568,0.454722,0.019943
21.8778,0.435969,0.0195339
21.9988,0.492257,0.0207587
22.1198,0.47138,0.0203188
22.2407,0.452168,0.0199273
22.3617,0.442978,0.0197303
22.4827,0.463117,0.0201999
22.6037,0.465093,0.0202466
22.7247,0.466119,0.0202813
22.8457,0.463735,0.0202374
22.9666,0.468244,0.0203469
23.0876,0.469985,0.0203957
23.2086,0.508831,0.0212174
23.3296,0.508401,0.0212644
23.4506,0.474725,0.0205377
23.5716,0.474069,0.0205215
23.6925,0.441653,0.019835
23.8135,0.467094,0.0204121
23.9345,0.490734,0.0209376
24.0555,0.482935,0.020783
24.1563,0.482796,0.0254888
24.2571,0.507023,0.0110329
24.3784,0.511008,0.0110398
24.5003,0.518072,0.0110872
24.6228,0.539332,0.0112789
24.7459,0.544463,0.0112887
24.8696,0.521483,0.0110415
24.994,0.515636,0.0109349
25.119,0.536847,0.0111322
25.2446,0.548795,0.0112254
25.3708,0.526,0.0109469
25.4976,0.552858,0.0112021
25.6251,0.532819,0.0109715
25.7533,0.554063,0.0111616
25.882,0.546906,0.0110535
26.0114,0.548602,0.01104
26.1415,0.561362,0.0111298
26.2722,0.533999,0.0108464
26.4036,0.566911,0.0111417
26.5356,0.567233,0.011111
26.6682,0.561563,0.0110302
26.8016,0.575072,0.0111403
26.9356,0.569891,0.01107
27.0703,0.574367,0.0110786
27.2056,0.562588,0.0109438
27.3417,0.562544,0.0109113
27.4784,0.562681,0.0108944
27.6158,0.587828,0.0111147
27.7538,0.603155,0.0112217
27.8926,0.566291,0.0108487
28.0321,0.592451,0.0110723
28.1722,0.586658,0.0109892
28.3131,0.611132,0.0112012
28.4547,0.59713,0.0110345
28.5969,0.590262,0.0109599
28.7399,0.589956,0.0109218
28.8836,0.610311,0.0110858
29.028,0.600751,0.010975
29.1732,0.609459,0.0110332
29.319,0.607952,0.0109982
29.4656,0.6216,0.0110909
29.613,0.630026,0.0111467
29.761,0.626529,0.011095
29.9098,0.619542,0.011007
30.0594,0.65206,0.011268
30.2097,0.628649,0.0110457
30.3607,0.620771,0.0109387
30.5125,0.652852,0.0111942
30.6651,0.647078,0.0111271
30.8184,0.649499,0.011123
30.9725,0.662027,0.0112007
31.1274,0.666115,0.0112214
31.283,0.659594,0.0111376
31.4394,0.663891,0.0111581
31.5966,0.675587,0.0112322
31.7546,0.653021,0.0110187
31.9134,0.678278,0.011203
32.0729,0.68252,0.0112156
32.2333,0.702451,0.0113481
32.3945,0.69618,0.0112718
32.5564,0.691271,0.0112137
32.7192,0.707836,0.0113233
32.8828,0.717653,0.0113787
33.0472,0.704768,0.0112475
33.2125,0.722991,0.0113747
33.3785,0.714351,0.0112781
33.5454,0.721514,0.0113117
33.7132,0.720032,0.0112746
33.8817,0.713953,0.011204
34.0511,0.716468,0.0111998
34.2214,0.699259,0.0110364
34.3925,0.720776,0.0111868
34.5645,0.728183,0.0112232
34.7373,0.726198,0.0111795
34.911,0.728279,0.0111794
35.0855,0.728282,0.0111498
35.2609,0.711335,0.0109995
35.4373,0.724293,0.0110726
35.6144,0.692087,0.0107983
35.7925,0.713251,0.0109491
35.9715,0.714156,0.0109187
36.1513,0.70796,0.0108468
36.3321,0.717843,0.0109071
36.5137,0.707745,0.0108015
36.6963,0.726557,0.010923
36.8798,0.718963,0.0108318
37.0642,0.713273,0.0107702
37.2495,0.701377,0.0106549
37.4358,0.719499,0.010778
37.6229,0.717915,0.0107324
37.8111,0.704241,0.0106113
38.0001,0.683468,0.0104232
38.1901,0.716549,0.0106559
38.3811,0.716648,0.0106329
38.573,0.702528,0.0105083
38.7658,0.711812,0.0105522
38.9597,0.722443,0.0106079
39.1545,0.72144,0.0105802
39.3502,0.724523,0.0105783
39.547,0.728798,0.010586
39.7447,0.711841,0.0104379
39.9434,0.733422,0.0105738
40.1432,0.731098,0.0105381
40.3439,0.735081,0.0105353
40.5456,0.743699,0.0105804
40.7483,0.730232,0.0104617
40.9521,0.766849,0.0106949
41.1568,0.743192,0.010507
41.3626,0.742093,0.0104804
41.5694,0.751348,0.0105146
41.7773,0.750305,0.0104957
41.9862,0.772097,0.0106176
42.1961,0.775375,0.0106264
42.4071,0.762868,0.0105184
42.6191,0.776853,0.0105932
42.8322,0.775326,0.0105506
43.0464,0.763677,0.0104489
43.2616,0.774542,0.0105098
43.4779,0.785033,0.010554
43.6953,0.785453,0.0105305
43.9138,0.805818,0.0106488
44.1333,0.818053,0.0106994
44.354,0.806734,0.0106103
44.5758,0.825965,0.0107168
44.7987,0.839088,0.0107705
45.0226,0.831455,0.0107014
45.2478,0.835259,0.0107033
45.474,0.837464,0.0107011
45.7014,0.849435,0.0107523
45.9299,0.85224,0.0107457
46.1595,0.853344,0.0107358
46.3903,0.866664,0.0107958
46.6223,0.851391,0.0106732
46.8554,0.878717,0.0108208
47.0897,0.889834,0.0108697
47.3251,0.885274,0.0108183
47.5617,0.897191,0.0108767
47.7995,0.901118,0.0108773
48.0385,0.914838,0.0109392
48.2787,0.906118,0.0108593
48.5201,0.902979,0.0108257
48.7627,0.899502,0.0107841
49.0065,0.924757,0.0109117
49.2516,0.946318,0.0110213
49.4978,0.945197,0.0109898
49.7453,0.933305,0.0108982
49.994,0.961163,0.0110448
50.244,0.951341,0.010964
50.4952,0.963144,0.0110133
50.7477,0.945507,0.0108898
51.0015,0.938619,0.0108315
51.2565,0.957541,0.0109259
51.5127,0.943153,0.0108192
51.7703,0.976317,0.0109884
52.0292,0.958847,0.0108702
52.2893,0.96641,0.0108952
52.5507,0.934754,0.0106989
52.8135,0.941574,0.0107143
53.0776,0.959036,0.0107936
53.343,0.953499,0.0107457
53.6097,0.953624,0.0107337
53.8777,0.946832,0.0106744
54.1471,0.945629,0.0106522
54.4178,0.936106,0.0105826
54.6899,0.919535,0.0104662
54.9634,0.933035,0.0105248
55.2382,0.925898,0.0104723
55.5144,0.91964,0.0104151
55.792,0.923614,0.0104178
56.0709,0.927566,0.0104284
56.3513,0.913078,0.0103303
56.633,0.912954,0.0103137
56.9162,0.90566,0.0102557
57.2008,0.893415,0.0101712
57.4868,0.897963,0.0101806
57.7742,0.885564,0.0100923
58.0631,0.884736,0.010075
58.3534,0.881173,0.0100408
58.6452,0.902192,0.0101409
58.9384,0.884476,0.0100274
59.2331,0.892143,0.0100537
59.5293,0.877715,0.00994983
59.8269,0.88585,0.00998099
60.126,0.888688,0.0099786
60.4267,0.885388,0.00994408
60.7288,0.891828,0.00996583
61.0324,0.881294,0.0098901
61.3376,0.877708,0.00985527
61.6443,0.879154,0.00985013
61.9525,0.878012,0.00982463
62.2623,0.877896,0.00981338
62.5736,0.877521,0.00979441
62.8865,0.872219,0.00974788
63.2009,0.899669,0.00988329
63.5169,0.880119,0.00975807
63.8345,0.875876,0.0097275
64.1537,0.8862,0.00976766
64.4744,0.847829,0.00953838
64.7968,0.875303,0.00967764
65.1208,0.874249,0.00966086
65.4464,0.90306,0.00980102
65.7736,0.894108,0.00973774
66.1025,0.89172,0.00971411
66.433,0.879575,0.0096338
66.7652,0.918974,0.00983785
67.099,0.889314,0.00966313
67.4345,0.911184,0.00976592
67.7716,0.894483,0.00966831
68.1105,0.889342,0.00962451
68.4511,0.912399,0.00973855
68.7933,0.897203,0.00964856
69.1373,0.884101,0.00956754
69.483,0.898464,0.00962874
69.8304,0.896806,0.00960923
70.1795,0.903712,0.00963731
70.5304,0.908428,0.00965141
70.8831,0.904633,0.00961939
71.2375,0.903802,0.00960708
71.5937,0.896016,0.00955236
71.9517,0.922358,0.00968426
72.3114,0.914497,0.0096318
72.673,0.90791,0.00958727
73.0363,0.907887,0.00957991
73.4015,0.929366,0.00968246
73.7685,0.927479,0.00965979
74.1374,0.905668,0.00953305
74.5081,0.888497,0.00943003
74.8806,0.897728,0.00946116
75.255,0.872305,0.00931457
75.6313,0.857437,0.00922305
76.0094,0.837419,0.00910145
76.3895,0.844883,0.00912599
76.7714,0.827118,0.00902297
77.1553,0.818684,0.00896004
77.5411,0.830942,0.00901296
77.9288,0.824642,0.00896512
78.3184,0.823179,0.00894113
78.71,0.805613,0.00883362
79.1035,0.802965,0.00880762
79.4991,0.803058,0.0087966
79.8966,0.79606,0.00874582
80.296,0.797139,0.00874198
80.6975,0.792784,0.00870025
81.101,0.789788,0.00867231
81.5065,0.785347,0.00863817
81.9141,0.769856,0.00854068
82.3236,0.763617,0.0084954
82.7352,0.755644,0.00843675
83.1489,0.759538,0.00845175
83.5647,0.762883,0.00846253
83.9825,0.746297,0.00835651
84.4024,0.740512,0.00831701
84.8244,0.730124,0.00824695
85.2485,0.750446,0.00835221
85.6748,0.716529,0.00815408
86.1031,0.714701,0.00813286
86.5337,0.715231,0.00812614
86.9663,0.711501,0.00809596
87.4012,0.695968,0.00799603
87.8382,0.685516,0.00792686
88.2774,0.696332,0.00798082
88.7187,0.690735,0.00794204
89.1623,0.665427,0.00777779
89.6082,0.675078,0.0078219
90.0562,0.6705,0.00778445
90.5065,0.643921,0.00761905
90.959,0.652312,0.00765462
91.4138,0.657714,0.00767596
91.8709,0.63535,0.00753811
92.3302,0.634744,0.00751787
92.7919,0.629002,0.0074745
93.2558,0.618202,0.00740051
93.7221,0.604804,0.00730495
94.1907,0.597625,0.00725521
94.6617,0.596029,0.00723196
95.135,0.595046,0.00722073
95.6107,0.593989,0.00720216
96.0887,0.583358,0.00712774
96.5692,0.569128,0.00702823
97.052,0.571946,0.00703106
97.5373,0.55781,0.00693663
98.0249,0.548443,0.00686889
98.5151,0.554129,0.00689195
99.0076,0.551581,0.00686746
99.5027,0.558526,0.00690092
100,0.537663,0.00675966
100.5,0.53163,0.00671387
101.003,0.525564,0.00666405
101.508,0.540938,0.00675024
102.015,0.508593,0.00653641
102.525,0.509726,0.00653901
103.038,0.503671,0.0064879
103.553,0.506175,0.0064973
104.071,0.499789,0.0064526
104.591,0.475546,0.0062824
105.114,0.482637,0.0063223
105.64,0.461645,0.00617867
106.168,0.475795,0.0062677
106.699,0.464898,0.00618575
107.232,0.460908,0.00615086
107.768,0.453278,0.00609562
108.307,0.445738,0.00603518
108.849,0.452918,0.00607829
109.393,0.446622,0.00602836
109.94,0.432934,0.00592497
110.49,0.457242,0.00608195
111.042,0.441727,0.00596862
111.597,0.439554,0.00594693
112.155,0.434674,0.005908
112.716,0.43456,0.00590595
113.28,0.425209,0.00583736
113.846,0.431656,0.00587633
114.415,0.42378,0.0058171
114.987,0.42541,0.00582564
115.562,0.417713,0.00576933
116.14,0.411592,0.00572236
116.721,0.409193,0.00570251
117.305,0.419115,0.00576707
117.891,0.412604,0.00571865
118.481,0.419217,0.00576106
119.073,0.416129,0.00573781
119.668,0.408905,0.00568766
120.267,0.418617,0.00575058
120.868,0.411077,0.00569385
121.472,0.414551,0.0057132
122.08,0.408715,0.00567438
122.69,0.409381,0.00567371
123.304,0.423249,0.00576422
123.92,0.413932,0.00569652
124.54,0.411547,0.00567454
125.162,0.405232,0.00562804
125.788,0.414171,0.00568726
126.417,0.414155,0.00568318
127.049,0.413654,0.00567521
127.684,0.420878,0.00571995
128.323,0.415377,0.00567907
128.964,0.431659,0.0057861
129.609,0.440205,0.0058369
130.257,0.438289,0.00582205
130.909,0.451311,0.00590585
131.563,0.452126,0.00590767
132.221,0.45424,0.00591248
132.882,0.465246,0.00597979
133.546,0.477403,0.00605378
134.214,0.497875,0.00617816
134.885,0.500368,0.00618792
135.56,0.5122,0.00625611
136.238,0.514989,0.0062703
136.919,0.527207,0.00633887
137.603,0.538611,0.0064036
138.291,0.552213,0.00648169
138.983,0.551019,0.00646796
139.678,0.562898,0.00653551
140.376,0.555791,0.00648751
141.078,0.57247,0.00658123
141.783,0.578373,0.00661232
142.492,0.583316,0.00663625
143.205,0.577565,0.00660174
143.921,0.587543,0.00664962
144.64,0.603204,0.00673616
145.364,0.595977,0.00669374
146.09,0.600805,0.00671673
146.821,0.58665,0.0066366
147.555,0.58188,0.00660659
148.293,0.574928,0.00656453
149.034,0.567092,0.00651584
149.779,0.557395,0.00645458
150.528,0.556273,0.00644728
151.281,0.559626,0.00646452
152.037,0.559595,0.00645844
152.797,0.554559,0.00642828
153.561,0.535058,0.00630846
154.329,0.538597,0.00632715
155.101,0.540402,0.00633598
155.876,0.530385,0.00627329
156.656,0.522437,0.0062214
157.439,0.536832,0.00630707
158.226,0.539787,0.00632246
159.017,0.523294,0.00622131
159.812,0.52661,0.00624051
160.612,0.522001,0.006211
161.415,0.518017,0.00618657
162.222,0.515975,0.00617378
163.033,0.519002,0.00619032
163.848,0.510448,0.00613738
164.667,0.50772,0.00612179
165.491,0.515014,0.00616521
166.318,0.502573,0.00608997
167.15,0.489581,0.00601296
167.985,0.502259,0.00609007
168.825,0.49595,0.00605061
169.669,0.496636,0.00605952
170.518,0.501806,0.00609033
171.37,0.488046,0.00600531
172.227,0.476876,0.00593813
173.088,0.47585,0.00593132
173.954,0.458295,0.00582008
174.823,0.452777,0.00578515
175.698,0.449027,0.00575918
176.576,0.453246,0.00578569
177.459,0.446882,0.00574492
178.346,0.454515,0.00579381
179.238,0.440075,0.00570058
180.134,0.426875,0.00561249
181.035,0.434575,0.00566178
181.94,0.434653,0.00566198
182.85,0.423824,0.00558899
183.764,0.431543,0.0056399
184.683,0.438813,0.00568901
185.606,0.440584,0.00569667
186.534,0.450762,0.00576443
187.467,0.462913,0.00583934
188.404,0.472382,0.00589959
189.346,0.481399,0.00595408
190.293,0.492864,0.00602466
191.244,0.496665,0.00604797
192.201,0.486781,0.00598598
193.162,0.487422,0.00599336
194.128,0.485124,0.00597801
195.098,0.466173,0.00585964
196.074,0.460781,0.00582778
197.054,0.453365,0.00577897
198.039,0.452317,0.00577125
199.029,0.445449,0.00572923
200.025,0.446787,0.00573667
201.025,0.446911,0.00573987
202.03,0.441599,0.00569829
203.04,0.432512,0.00564062
204.055,0.431447,0.00563563
205.075,0.430243,0.00562802
206.101,0.434788,0.00565855
207.131,0.430019,0.00562521
208.167,0.45097,0.00575705
209.208,0.461938,0.00582975
210.254,0.494719,0.00603354
211.305,0.515392,0.00615849
212.362,0.550888,0.00636905
213.424,0.612282,0.0067184
214.491,0.672991,0.0070438
215.563,0.746369,0.00741894
216.641,0.819298,0.00777846
217.724,0.874657,0.00804078
218.813,0.914316,0.00822259
219.907,0.91169,0.00821279
221.006,0.916859,0.00823965
222.111,0.919511,0.00825196
223.222,0.953828,0.00840873
224.338,0.960929,0.00844122
225.46,0.961489,0.00844274
226.587,0.948043,0.00838682
227.72,0.901086,0.00817536
228.859,0.815389,0.00777513
230.003,0.744472,0.00742758
231.153,0.670659,0.00704609
232.309,0.642281,0.00689574
233.47,0.607003,0.0067029
234.638,0.583228,0.00657163
235.811,0.571314,0.00650472
236.99,0.54859,0.00637557
238.175,0.548571,0.0063729
239.366,0.521483,0.00621294
240.562,0.521397,0.00621658
241.765,0.515704,0.00618575
242.974,0.498841,0.00608386
244.189,0.491318,0.00603822
245.41,0.478442,0.0059596
246.637,0.46998,0.00590606
247.87,0.454523,0.00580619
249.109,0.463041,0.00586311
250.355,0.445772,0.00575567
251.607,0.439855,0.005716
252.865,0.438947,0.00571233
254.129,0.422534,0.00560197
255.4,0.426524,0.00562666
256.677,0.42915,0.00564509
257.96,0.417446,0.00557015
259.25,0.416529,0.0055636
260.546,0.411713,0.00553132
261.849,0.404992,0.00548599
263.158,0.406414,0.00549864
264.474,0.404871,0.00548802
265.796,0.413374,0.00554533
267.125,0.421128,0.00559885
268.461,0.423222,0.00561489
269.803,0.435451,0.00569962
271.152,0.449373,0.00579229
272.508,0.461305,0.00586967
273.871,0.469253,0.00592587
275.24,0.479502,0.00598954
276.616,0.487214,0.00604215
277.999,0.497434,0.00610489
279.389,0.510003,0.00618634
280.786,0.511859,0.00620162
282.19,0.524262,0.00627947
283.601,0.542368,0.00639171
285.019,0.541522,0.00639247
286.444,0.544784,0.00641281
287.876,0.561661,0.00651737
289.316,0.556256,0.00649114
290.762,0.564577,0.00654595
292.216,0.547056,0.00644748
293.677,0.547894,0.00645764
295.146,0.557345,0.00651823
296.621,0.55842,0.00652855
298.104,0.539597,0.00642401
299.595,0.535037,0.00640263
301.093,0.530344,0.00638257
302.598,0.50192,0.00621339
304.111,0.486617,0.00612468
305.632,0.486566,0.00613053
307.16,0.468045,0.00601802
308.696,0.463302,0.00599391
310.239,0.459749,0.0059757
311.791,0.431053,0.00579465
313.35,0.425682,0.00576534
314.916,0.410555,0.00566909
316.491,0.411726,0.00568494
318.073,0.410622,0.00568531
319.664,0.389085,0.00553977
321.262,0.39115,0.00556331
322.868,0.376902,0.00547108
324.483,0.368513,0.00541464
326.105,0.358379,0.00534725
327.736,0.347723,0.00527255
329.374,0.332556,0.00516397
331.021,0.326187,0.00512246
332.676,0.320424,0.00508606
334.34,0.307746,0.00498986
336.011,0.301048,0.00494173
337.691,0.30853,0.00501122
339.38,0.296451,0.0049169
341.077,0.281409,0.00479983
342.782,0.279265,0.00478543
344.496,0.268965,0.00469997
346.218,0.268714,0.00470694
347.95,0.272764,0.00474556
349.689,0.259892,0.00463502
351.438,0.261512,0.00465632
353.195,0.261698,0.00466756
354.961,0.261994,0.00467561
356.736,0.25506,0.00461863
358.519,0.2522,0.00459942
360.312,0.253405,0.00461492
362.114,0.25036,0.0045981
363.924,0.25362,0.00463
365.744,0.258271,0.00467891
367.572,0.252099,0.00462875
369.41,0.249963,0.0046194
371.257,0.247866,0.00460529
373.114,0.254213,0.0046698
374.979,0.242235,0.00456892
376.854,0.249295,0.00464189
378.738,0.244511,0.0046041
380.632,0.240651,0.00457241
382.535,0.251662,0.004685
384.448,0.248216,0.00466097
386.37,0.24741,0.00466226
388.302,0.247541,0.00467238
390.244,0.243272,0.00463894
392.195,0.237247,0.00458726
394.156,0.234277,0.00456689
396.127,0.244372,0.00467042
398.107,0.237176,0.00461035
400.098,0.246063,0.00470617
402.098,0.243439,0.00468437
404.109,0.238949,0.00464956
406.129,0.242486,0.00469384
408.16,0.228446,0.00456622
410.201,0.234424,0.00463354
412.252,0.240825,0.00470303
414.313,0.244291,0.00474343
416.384,0.250434,0.00481607
418.466,0.259432,0.00491051
420.559,0.256095,0.00488784
422.662,0.266557,0.00499617
424.775,0.261367,0.0049561
426.899,0.261142,0.00496358
429.033,0.262734,0.00498851
431.178,0.267122,0.00504063
433.334,0.26326,0.00501376
435.501,0.267174,0.005063
437.678,0.267732,0.0050735
439.867,0.261977,0.00503383
442.066,0.263522,0.00505863
444.276,0.265962,0.00508665
446.498,0.272518,0.00516654
448.73,0.267584,0.0051281
450.974,0.264721,0.00510758
453.229,0.282387,0.00528832
455.495,0.296567,0.00542617
457.773,0.310331,0.00555996
460.061,0.325511,0.00570621
462.362,0.336347,0.00581482
464.673,0.327075,0.00574663
466.997,0.334935,0.00583015
469.332,0.314181,0.00566015
471.679,0.309178,0.00562346
474.037,0.29758,0.0055346
476.407,0.298417,0.00555341
478.789,0.29932,0.00557625
481.183,0.293323,0.00553238
483.589,0.282745,0.00544621
486.007,0.28161,0.00544568
488.437,0.278137,0.00541803
490.879,0.260535,0.00526827
493.334,0.263458,0.00530811
495.8,0.253587,0.00522274
498.279,0.246756,0.00515923
500.771,0.252871,0.00523526
503.274,0.24277,0.00514438
505.791,0.23361,0.00505968
508.32,0.235832,0.00509482
510.861,0.229339,0.00503729
513.416,0.229658,0.00505467
515.983,0.234125,0.0051134
518.563,0.231738,0.00509652
521.155,0.227317,0.00505811
523.761,0.22564,0.00505304
526.38,0.227772,0.00509442
529.012,0.224205,0.00506532
531.657,0.216589,0.00499216
534.315,0.207,0.00489307
536.987,0.212567,0.00497356
539.672,0.21786,0.00504914
542.37,0.210778,0.00497738
545.082,0.214147,0.00503261
547.807,0.22009,0.00511552
550.546,0.207566,0.00497733
553.299,0.215322,0.00508917
556.066,0.208643,0.0050194
558.846,0.209599,0.00503975
561.64,0.204621,0.00499619
564.448,0.207954,0.00504965
567.271,0.213703,0.00513783
570.107,0.214632,0.00516813
572.958,0.220159,0.00524772
575.822,0.21419,0.00518922
578.702,0.218107,0.00524869
581.595,0.214082,0.00521729
584.503,0.208638,0.005163
587.426,0.210512,0.00519792
590.363,0.219727,0.00533315
593.314,0.222983,0.00539016
596.281,0.22211,0.00539158
599.262,0.222721,0.00540997
602.259,0.224124,0.00544879
605.27,0.222904,0.00544606
608.296,0.234903,0.00560637
611.338,0.23704,0.0056519
614.395,0.233798,0.00562342
617.467,0.231078,0.00561125
620.554,0.235453,0.00568873
623.657,0.226765,0.00560174
626.775,0.224858,0.00559617
629.909,0.228172,0.00565146
633.058,0.218228,0.00554922
636.224,0.227819,0.00568683
639.405,0.223569,0.00564821
642.602,0.221904,0.00564189
645.815,0.230028,0.00576274
649.044,0.234678,0.00583974
652.289,0.23735,0.0058887
655.551,0.229062,0.0058066
658.828,0.228452,0.00581725
662.122,0.228154,0.00583259
665.433,0.224842,0.00580815
668.76,0.22637,0.00584818
672.104,0.214797,0.0057099
675.464,0.212253,0.00569299
678.842,0.211988,0.00571354
682.236,0.221023,0.0058502
685.647,0.207985,0.00569593
689.075,0.208964,0.00572925
692.521,0.206469,0.00571395
695.983,0.205461,0.00572021
699.463,0.216271,0.0058874
702.961,0.204257,0.00573194
706.475,0.205644,0.00578306
710.008,0.212088,0.00589077
713.558,0.201954,0.00576483
717.126,0.215354,0.00596881
720.711,0.209078,0.00590443
724.315,0.218945,0.00606543
727.936,0.216079,0.00605166
731.576,0.232773,0.00629007
735.234,0.238443,0.00638424
738.91,0.257655,0.00666449
742.605,0.289475,0.00708281
746.318,0.307002,0.00732258
750.049,0.36193,0.00796528
753.8,0.394495,0.00834043
757.569,0.415901,0.0085809
761.356,0.412415,0.00857403
765.163,0.377421,0.00822978
768.989,0.328435,0.00770179
772.834,0.290123,0.00727449
776.698,0.262892,0.0069551
780.582,0.255391,0.00687796
784.485,0.254074,0.00688647
788.407,0.266081,0.00706209
792.349,0.268398,0.00711232
796.311,0.269043,0.00714853
800.292,0.277237,0.00728644
804.294,0.277658,0.00731295
808.315,0.275479,0.00731529
812.357,0.274838,0.00733486
816.419,0.286844,0.00751002
820.501,0.277536,0.00741471
824.603,0.276558,0.00742615
828.726,0.278484,0.00748054
832.87,0.274998,0.0074535
837.034,0.281307,0.0075695
841.219,0.279355,0.00757036
845.425,0.279046,0.00759954
849.653,0.278207,0.00760927
853.901,0.28048,0.00766943
858.17,0.277438,0.00765413
862.461,0.272001,0.00760693
866.773,0.293312,0.00792985
871.107,0.317734,0.00828503
875.463,0.362259,0.00887012
879.84,0.404404,0.00939011
884.239,0.438778,0.00981428
888.661,0.466453,0.0101522
893.104,0.428292,0.00976862
897.569,0.404927,0.00952069
902.057,0.370945,0.00915486
906.568,0.317776,0.00850967
911.1,0.285757,0.00810101
915.656,0.285992,0.00813381
920.234,0.292821,0.00826211
924.835,0.298702,0.00838077
929.46,0.291305,0.00831098
934.107,0.294804,0.00838233
938.777,0.295601,0.00843189
943.471,0.297086,0.00847355
948.189,0.291898,0.00842483
952.93,0.29559,0.00851745
957.694,0.313792,0.00880345
962.483,0.285846,0.00844728
967.295,0.31294,0.00886351
972.132,0.285011,0.00848193
976.992,0.280689,0.00845672
981.877,0.260986,0.00819515
986.787,0.253883,0.00811565
991.72,0.262774,0.00829514
996.679,0.276341,0.0085232
1001.66,0.284347,0.00868513
1006.67,0.278272,0.00862305
1011.7,0.274656,0.00860634
1016.76,0.285487,0.00879895
1021.85,0.275207,0.00868621
1026.96,0.269411,0.00863583
1032.09,0.286221,0.00891758
1037.25,0.274198,0.00876791
1042.44,0.273289,0.00877334
1047.65,0.295315,0.00915609
1052.89,0.291801,0.00913688
1058.15,0.289644,0.00915387
1063.44,0.286385,0.00913896
1068.76,0.293874,0.00929692
1074.1,0.296909,0.00936944
1079.47,0.298753,0.00943432
1084.87,0.32229,0.00984116
1090.3,0.318642,0.00982269
1095.75,0.322344,0.0099193
1101.23,0.335167,0.0101459
1106.73,0.339566,0.010254
1112.27,0.32693,0.0101019
1117.83,0.319009,0.0100329
1123.42,0.319833,0.0100758
1129.03,0.314156,0.01002
1134.68,0.289429,0.0096561
1140.35,0.31105,0.0100549
1146.05,0.302135,0.00995022
1151.78,0.297116,0.00991827
1157.54,0.309052,0.0101583
1163.33,0.321772,0.0103916
1169.15,0.308755,0.0102126
1174.99,0.316297,0.0103798
1180.87,0.305493,0.0102748
1186.77,0.306315,0.0103128
1192.71,0.307306,0.0103847
1198.67,0.305624,0.0103802
1204.66,0.294402,0.0102328
1210.69,0.296947,0.0103238
1216.74,0.310147,0.010591
1222.82,0.314757,0.0107046
1228.94,0.360315,0.0115002
1235.08,0.362064,0.0115581
1241.26,0.369664,0.0117302
1247.46,0.329554,0.0111364
1253.7,0.334267,0.0112621
1259.97,0.336721,0.0113514
1266.27,0.346302,0.0115517
1272.6,0.348993,0.011628
1278.96,0.395398,0.0124357
1285.36,0.385271,0.0123196
1291.79,0.399131,0.0125989
1298.24,0.395586,0.0125937
1304.74,0.401808,0.0127597
1311.26,0.405011,0.0128565
1317.82,0.366946,0.0122716
1324.41,0.383666,0.0126147
1331.03,0.374756,0.0125306
1337.68,0.38663,0.012785
1344.37,0.391668,0.0129166
1351.09,0.412416,0.0133111
1357.85,0.420328,0.0135043
1364.64,0.404783,0.0132951
1371.46,0.415071,0.0135105
1378.32,0.413959,0.0135378
1385.21,0.410591,0.0135468
1392.14,0.415955,0.0136978
1399.1,0.389769,0.013311
1406.09,0.391713,0.0133985
1413.12,0.399227,0.0135546
1420.19,0.390646,0.0134675
1427.29,0.420594,0.0140358
1434.43,0.423962,0.0141333
1441.6,0.436761,0.0144086
1448.81,0.455167,0.0147585
1456.05,0.472548,0.0150936
1463.33,0.449381,0.0147876
1470.65,0.441561,0.0147217
1478,0.439594,0.0147409
1485.39,0.427726,0.014617
1492.82,0.420479,0.0145526
1500.28,0.398795,0.0142313
1507.78,0.389851,0.0141221
1515.32,0.395185,0.0142905
1522.9,0.379737,0.0140381
1530.51,0.385608,0.0142217
1538.16,0.395355,0.0144771
1545.86,0.369264,0.0140237
1553.58,0.371097,0.0140939
1561.35,0.392079,0.0145614
1569.16,0.381185,0.0144132
1577,0.373723,0.0143382
1584.89,0.373646,0.0143822
1592.81,0.364462,0.0142693
1600.78,0.363902,0.0143248
1608.78,0.362698,0.0143489
1616.83,0.355538,0.0142807
1624.91,0.345712,0.0141094
1633.03,0.348767,0.0142204
1641.2,0.326548,0.0138088
1649.41,0.334105,0.0140566
1657.65,0.342664,0.0142714
1665.94,0.336856,0.0141752
1674.27,0.333304,0.0141726
1682.64,0.333139,0.0142364
1691.06,0.333666,0.0142567
1699.51,0.313066,0.0138746
1708.01,0.31543,0.0139592
1716.55,0.314193,0.0140017
1725.13,0.305305,0.0138682
1733.76,0.305447,0.0139468
1742.43,0.328035,0.0145043
1751.14,0.329619,0.0145854
1759.89,0.332993,0.0147393
1768.69,0.302866,0.0140977
1777.54,0.315445,0.0143997
1786.42,0.281479,0.0136498
1795.36,0.296396,0.0140639
1804.33,0.295601,0.0141115
1813.35,0.310145,0.0144796
1822.42,0.30927,0.014543
1831.53,0.33092,0.0151102
1840.69,0.313419,0.0147384
1849.89,0.300959,0.0144599
1859.14,0.306996,0.0146518
1868.44,0.312646,0.0148556
1877.78,0.303409,0.0147093
1887.17,0.314819,0.0150273
1896.61,0.300385,0.0147107
1906.09,0.297941,0.01471
1915.62,0.281212,0.0143388
1925.2,0.280259,0.0143789
1934.82,0.285838,0.0145317
1944.5,0.266457,0.0140879
1954.22,0.286686,0.0147085
1963.99,0.297664,0.0150271
1973.81,0.296273,0.0150431
1983.68,0.294747,0.0150119
1993.6,0.305647,0.0153202
2003.57,0.28758,0.014945
2013.59,0.283974,0.0149306
2023.65,0.285434,0.0150008
2033.77,0.289612,0.0151305
2043.94,0.264346,0.0145323
2054.16,0.263896,0.0145369
2064.43,0.260975,0.0145118
2074.75,0.26945,0.0148378
2085.13,0.287295,0.0153807
2095.55,0.262044,0.0147112
2106.03,0.254809,0.0145416
2116.56,0.269324,0.014982
2127.14,0.259526,0.0147677
2137.78,0.260729,0.01484
2148.47,0.273785,0.0152914
2159.21,0.291643,0.0158223
2170.01,0.269412,0.0152352
2180.86,0.278786,0.0155621
2191.76,0.269139,0.0153509
2202.72,0.291445,0.0160085
2213.73,0.266011,0.0153687
2224.8,0.28683,0.0160133
2235.93,0.287139,0.0160381
2247.11,0.287478,0.0160784
2258.34,0.305422,0.0166573
2269.63,0.321201,0.0171331
2280.98,0.27971,0.016036
2292.39,0.280127,0.016111
2303.85,0.289911,0.0164325
2315.37,0.29038,0.0164353
2326.94,0.274979,0.0160384
2338.58,0.270664,0.0159944
2350.27,0.285071,0.0164809
2362.02,0.297054,0.0168658
2373.83,0.298011,0.0169577
2385.7,0.277137,0.0163665
2397.63,0.292088,0.0168618
2409.62,0.283602,0.016636
2421.67,0.267623,0.0162228
2433.77,0.283694,0.0167167
2445.94,0.292242,0.0170819
2458.17,0.289168,0.0170365
2470.46,0.281549,0.0169228
2482.82,0.26518,0.016468
2495.23,0.284834,0.0170354
2507.71,0.277946,0.0169295
2520.25,0.280991,0.0170703
2532.85,0.300995,0.0177352
2545.51,0.302611,0.0177862
2558.24,0.300197,0.0177389
2571.03,0.29995,0.0178105
2583.88,0.302487,0.0179431
2596.8,0.312147,0.0182414
2609.79,0.296129,0.0179051
2622.84,0.302255,0.0180747
2635.95,0.306551,0.0182563
2649.13,0.306089,0.018266
2662.38,0.300767,0.0182146
2675.69,0.298604,0.0181609
2689.07,0.331719,0.0191937
2702.51,0.326821,0.0190914
2716.02,0.322815,0.0190762
2729.61,0.342359,0.0197474
2743.25,0.279026,0.0178645
2756.97,0.289447,0.0182466
2770.75,0.3042,0.0187321
2784.61,0.291641,0.018411
2798.53,0.296372,0.0185162
2812.52,0.301051,0.0187819
2826.59,0.31166,0.0191455
2840.72,0.335737,0.0199088
2854.92,0.31743,0.0194453
2869.2,0.300044,0.0189503
2883.54,0.347216,0.0204711
2897.96,0.362607,0.020967
2912.45,0.327306,0.0200028
2927.01,0.367355,0.0212644
2941.65,0.369134,0.0213426
2956.36,0.379911,0.0216867
2971.14,0.377199,0.021683
2985.99,0.408661,0.0226358
3000.92,0.383173,0.0219756
3015.93,0.387596,0.0221397
3031.01,0.397655,0.0224323
3046.16,0.393935,0.0223904
3061.39,0.368417,0.0217294
3076.7,0.338163,0.020892
3092.08,0.365136,0.0218498
3107.54,0.376925,0.0222029
3123.08,0.360511,0.0217505
3138.7,0.342627,0.0212833
3154.39,0.347517,0.0214674
3170.16,0.342037,0.0213634
3186.01,0.355433,0.0219515
3201.94,0.320156,0.0208874
3217.95,0.315218,0.0207724
3234.04,0.33949,0.0216181
3250.21,0.346731,0.0218478
3266.47,0.3164,0.0209044
3282.8,0.312704,0.0208499
3299.21,0.356157,0.0223321
3315.71,0.355218,0.0223902
3332.29,0.348096,0.0222329
3348.95,0.348022,0.0223279
3365.69,0.329951,0.0218844
3382.52,0.321255,0.0216111
3399.43,0.320342,0.0216245
3416.43,0.321492,0.0217149
3433.51,0.332177,0.0221488
3450.68,0.319206,0.0217955
3467.93,0.316551,0.0216758
3485.27,0.289319,0.0208159
3502.7,0.302256,0.0213924
3520.21,0.325708,0.0222939
3537.81,0.343762,0.0229785
3555.5,0.311183,0.0218533
3573.28,0.293166,0.0212643
3591.15,0.312482,0.022124
3609.1,0.309118,0.0221332
3627.15,0.314136,0.0224051
3645.28,0.323193,0.0226873
3663.51,0.346993,0.0235467
3681.83,0.337843,0.0233148
3700.24,0.319827,0.0227316
3718.74,0.292015,0.0217725
3737.33,0.304588,0.0222574
3756.02,0.303052,0.0223062
3774.8,0.300783,0.0223047
3793.67,0.330724,0.0234463
3812.64,0.341453,0.0238683
3831.7,0.323934,0.0233909
3850.86,0.34491,0.02414
3870.12,0.313641,0.0230828
3889.47,0.30445,0.0228889
3908.92,0.274153,0.0217742
3928.46,0.287198,0.0224007
3948.1,0.320199,0.0236472
3967.84,0.318871,0.0236714
3987.68,0.32073,0.0237573
4007.62,0.311071,0.0235373
4027.66,0.34145,0.0247045
4047.8,0.362139,0.0255366
4068.04,0.36525,0.0257907
4088.38,0.348391,0.0252543
4108.82,0.317419,0.0241079
4129.36,0.303611,0.0236401
4150.01,0.309853,0.0238891
4170.76,0.343874,0.0252441
4191.61,0.314884,0.024248
4212.57,0.299513,0.0237075
4233.63,0.337142,0.025316
4254.8,0.328752,0.0250366
4276.08,0.314843,0.0246267
4297.46,0.303141,0.0242262
4318.94,0.280124,0.0232751
4340.54,0.315928,0.0248195
4362.24,0.339016,0.0257671
4384.05,0.380955,0.0274189
4405.97,0.326571,0.0255186
4428,0.325662,0.0255144
4450.14,0.309676,0.0249299
4472.39,0.309818,0.0250079
4494.75,0.320378,0.0255092
4517.23,0.32036,0.0256135
4539.81,0.330949,0.0260805
4562.51,0.348477,0.0267945
4585.33,0.329962,0.0261411
4608.25,0.319084,0.0258362
4631.29,0.311743,0.0255655
4654.45,0.30882,0.0256185
4677.72,0.309868,0.0257707
4701.11,0.291806,0.0250495
4724.62,0.346813,0.0273538
4748.24,0.338328,0.0271211
4771.98,0.313385,0.0261631
4795.84,0.30471,0.0258129
4819.82,0.321616,0.0265786
4843.92,0.328623,0.0269577
4868.14,0.346364,0.0277506
4892.48,0.359316,0.0283382
4916.94,0.333659,0.027427
4941.53,0.329585,0.0272857
4966.23,0.350704,0.0281523
4991.07,0.332718,0.0275421
5016.02,0.317605,0.0269986
5041.1,0.308458,0.0265484
5066.31,0.312808,0.026865
5091.64,0.317435,0.0271589
5117.1,0.31216,0.0270764
5142.68,0.321124,0.0275173
5168.4,0.324482,0.027644
5194.24,0.31881,0.0274433
5220.21,0.312024,0.0272044
5246.31,0.328767,0.0281075
5272.54,0.306076,0.0272517
5298.9,0.329004,0.0282656
5325.4,0.341403,0.0288194
5352.03,0.344689,0.0289968
5378.79,0.325645,0.028249
5405.68,0.331587,0.0285671
5432.71,0.299447,0.0273057
5459.87,0.303283,0.027446
5487.17,0.288398,0.0268493
5514.61,0.293811,0.0272068
5542.18,0.320889,0.0285896
5569.89,0.346708,0.0298139
5597.74,0.329664,0.0291313
5625.73,0.285823,0.0271827
5653.86,0.288966,0.0272838
5682.13,0.300366,0.0278456
5710.54,0.295784,0.0277991
5739.09,0.3018,0.0281675
5767.79,0.303828,0.0282695
5796.62,0.309452,0.0285322
5825.61,0.348963,0.030315
5854.74,0.338339,0.0299364
5884.01,0.296529,0.0281515
5913.43,0.292208,0.0280308
5943,0.313642,0.0291501
5972.71,0.32975,0.0300903
6002.57,0.310951,0.029202
6032.59,0.31845,0.0295725
6062.75,0.318616,0.029613
6093.06,0.326608,0.0300686
6123.53,0.356326,0.0314778
6154.15,0.364842,0.0318488
6184.92,0.306043,0.0294106
6215.84,0.314053,0.0298178
6246.92,0.319782,0.0301559
6278.16,0.330677,0.0307789
6309.55,0.355075,0.0319163
6341.09,0.361529,0.0319987
6372.8,0.323507,0.0304037
6404.66,0.330425,0.0308537
6436.69,0.349342,0.0318738
6468.87,0.35567,0.0323686
6501.22,0.327692,0.0309961
6533.72,0.317961,0.0305429
6566.39,0.330422,0.0311909
6599.22,0.352582,0.0323181
6632.22,0.315952,0.0306817
6665.38,0.332985,0.0315674
6698.71,0.336327,0.0317944
6732.2,0.341389,0.0320675
6765.86,0.352717,0.0326393
6799.69,0.377536,0.0339531
6833.69,0.345927,0.0325472
6867.86,0.33341,0.0319974
6902.2,0.337611,0.0322477
6936.71,0.359308,0.033539
6971.39,0.34231,0.0327914
7006.25,0.347568,0.0331498
7041.28,0.357585,0.0337207
7076.49,0.331174,0.0325395
7111.87,0.306178,0.0311951
7147.43,0.301679,0.0311068
7183.16,0.314115,0.0318357
7219.08,0.331614,0.0326745
7255.18,0.332232,0.0328535
7291.45,0.346016,0.033598
7327.91,0.352363,0.033962
7364.55,0.356286,0.0343513
7401.37,0.383741,0.0355972
7438.38,0.37311,0.0352456
7475.57,0.363588,0.0348662
7512.95,0.332497,0.0333076
7550.51,0.341263,0.0337687
7588.26,0.354335,0.0344669
7626.21,0.377257,0.0356593
7664.34,0.358375,0.034829
7702.66,0.350859,0.0345315
7741.17,0.340395,0.0340759
7779.88,0.326406,0.0335111
7818.78,0.304833,0.0324549
7857.87,0.297515,0.0320593
7897.16,0.310607,0.0327331
7936.65,0.354937,0.0350458
7976.33,0.355475,0.0353644
8016.21,0.329905,0.0342181
8050.87,0.301383,0.0384129
