# X , Y , E Distribution=true

-20.1034,0.00892724,0.00160228
-19.9824,0.00881006,0.00160096
-19.8614,0.00621341,0.00133457
-19.7404,0.00650776,0.00136349
-19.6194,0.00755728,0.00147438
-19.4985,0.00919323,0.00162742
-19.3775,0.00834612,0.00154713
-19.2565,0.0109445,0.00178566
-19.1355,0.00839024,0.00156305
-19.0145,0.00827748,0.00154351
-18.8935,0.00531992,0.00124189
-18.7726,0.00726361,0.00145789
-18.6516,0.0095904,0.00167153
-18.5306,0.00650559,0.00136908
-18.4096,0.00698042,0.00143872
-18.2886,0.00937738,0.00165349
-18.1676,0.00988645,0.00170029
-18.0467,0.0130062,0.00194189
-17.9257,0.00966633,0.00168996
-17.8047,0.0144261,0.00206324
-17.6837,0.0109808,0.00180481
-17.5627,0.0115848,0.00185135
-17.4417,0.0109008,0.00179785
-17.3208,0.0121914,0.00190176
-17.1998,0.0144024,0.00207268
-17.0788,0.0140802,0.00204815
-16.9578,0.0175351,0.00228267
-16.8368,0.0131207,0.00198176
-16.7158,0.0243379,0.00270431
-16.5949,0.0197443,0.0024561
-16.4739,0.0233104,0.00265523
-16.3529,0.0175656,0.00230371
-16.2319,0.0207999,0.00250471
-16.1109,0.0338041,0.00323336
-15.9899,0.0383805,0.00345076
-15.869,0.0456519,0.00377242
-15.748,0.0357749,0.00333879
-15.627,0.0386006,0.0034655
-15.506,0.0545816,0.00413225
-15.385,0.0362177,0.00334358
-15.264,0.0402112,0.00353822
-15.1431,0.0617778,0.0044141
-15.0221,0.0488598,0.00391858
-14.9011,0.0678349,0.00463953
-14.7801,0.0591327,0.00431574
-14.6591,0.0540168,0.00412245
-14.5381,0.0577005,0.00426472
-14.4172,0.0582762,0.00427973
-14.2962,0.0729128,0.00481779
-14.1752,0.0779882,0.00498242
-14.0542,0.0762138,0.00493038
-13.9332,0.0857952,0.00522756
-13.8122,0.10042,0.00567708
-13.6913,0.103399,0.00577049
-13.5703,0.0936895,0.00549155
-13.4493,0.10302,0.00575286
-13.3283,0.110407,0.00595308
-13.2073,0.105306,0.00582088
-13.0863,0.1073,0.00587639
-12.9654,0.126541,0.00637185
-12.8444,0.119543,0.00619722
-12.7234,0.141097,0.0067478
-12.6024,0.134289,0.00657071
-12.4814,0.136022,0.00661938
-12.3604,0.14661,0.00687944
-12.2395,0.134488,0.00657969
-12.1185,0.151548,0.00699182
-11.9975,0.158824,0.00716129
-11.8765,0.157787,0.00713686
-11.7555,0.151774,0.00700334
-11.6345,0.183761,0.00769762
-11.5136,0.186358,0.0077636
-11.3926,0.176352,0.007541
-11.2716,0.180433,0.00763155
-11.1506,0.179441,0.00760409
-11.0296,0.201176,0.00804494
-10.9086,0.201242,0.00805598
-10.7877,0.198259,0.00800218
-10.6667,0.199019,0.00803127
-10.5457,0.214922,0.00832695
-10.4247,0.21623,0.0083525
-10.3037,0.222297,0.00848091
-10.1828,0.226285,0.00855215
-10.0618,0.244335,0.0088873
-9.94078,0.249096,0.00897905
-9.8198,0.254396,0.00907224
-9.69882,0.254527,0.00908501
-9.57783,0.252183,0.00904294
-9.45685,0.250089,0.00900718
-9.33587,0.256227,0.0091142
-9.21488,0.263725,0.00925664
-9.0939,0.275353,0.00946641
-8.97292,0.274219,0.00944095
-8.85194,0.275664,0.00946466
-8.73095,0.24826,0.0089789
-8.60997,0.260998,0.00919897
-8.48899,0.265832,0.00929034
-8.368,0.268387,0.00933679
-8.24702,0.275109,0.00945473
-8.12604,0.263896,0.00925696
-8.00505,0.275521,0.00945856
-7.88407,0.267279,0.00930247
-7.76309,0.284464,0.00959958
-7.6421,0.276762,0.00947262
-7.52112,0.279946,0.00953338
-7.40014,0.276134,0.00948155
-7.27915,0.299185,0.00984552
-7.15817,0.301064,0.0098789
-7.03719,0.298762,0.00984311
-6.9162,0.304036,0.00993222
-6.79522,0.321417,0.0102122
-6.67424,0.307882,0.00998677
-6.55326,0.31383,0.0100792
-6.43227,0.336395,0.0104391
-6.31129,0.356248,0.0107302
-6.19031,0.370835,0.0109586
-6.06932,0.376726,0.0110534
-5.94834,0.380224,0.0110848
-5.82736,0.396299,0.0113302
-5.70637,0.397123,0.011327
-5.58539,0.434293,0.0118453
-5.46441,0.425612,0.0117268
-5.34342,0.448904,0.0120409
-5.22244,0.475417,0.0123664
-5.10146,0.513468,0.012853
-4.98047,0.531613,0.0130635
-4.85949,0.579724,0.0136283
-4.73851,0.576935,0.0135954
-4.61752,0.639732,0.0142916
-4.49654,0.715443,0.0151178
-4.37556,0.768976,0.015652
-4.25457,0.874136,0.0166491
-4.13359,1.00372,0.0178337
-4.01261,1.16141,0.0191589
-3.89163,1.42238,0.0211958
-3.77064,1.67881,0.0230023
-3.64966,2.09418,0.0256853
-3.52868,2.60446,0.0286478
-3.40769,3.19937,0.0317277
-3.28671,3.94687,0.0352537
-3.16573,4.86851,0.0391573
-3.04474,5.94559,0.0433156
-2.92376,7.13234,0.0474454
-2.80278,8.54567,0.0519533
-2.68179,10.1235,0.0566167
-2.56081,11.8048,0.0611582
-2.43983,13.6786,0.0658914
-2.31884,15.8941,0.071091
-2.19786,18.1702,0.0760972
-2.07688,20.8255,0.081582
-1.95589,23.5892,0.0869481
-1.83491,26.74,0.0927399
-1.71393,30.5826,0.0994303
-1.59295,34.621,0.106022
-1.47196,38.7374,0.112413
-1.35098,42.8616,0.1185
-1.23,46.5281,0.123658
-1.10901,49.1414,0.12727
-0.988029,51.6207,0.130572
-0.867046,53.4271,0.13294
-0.746063,54.389,0.134234
-0.62508,54.984,0.135052
-0.504097,54.9531,0.135059
-0.383113,54.2481,0.13422
-0.26213,53.387,0.133148
-0.141147,51.5595,0.130852
-0.0201639,50.0374,0.128918
0.100819,48.1455,0.126491
0.221802,46.2774,0.124046
0.342786,43.982,0.120996
0.463769,41.3785,0.11746
0.584752,38.7667,0.113726
0.705735,36.0297,0.109673
0.826718,32.4584,0.104138
0.947701,29.3818,0.0991057
1.06868,26.2742,0.0937368
1.18967,23.0794,0.0878568
1.31065,20.0951,0.0819803
1.43163,17.2588,0.0759826
1.55262,14.7012,0.0701348
1.6736,12.5097,0.0647017
1.79458,10.6385,0.0596609
1.91557,9.11743,0.0552348
2.03655,7.93329,0.0515203
2.15753,7.09792,0.0487126
2.27852,6.37832,0.046191
2.3995,6.01606,0.0448693
2.52048,5.68548,0.0436303
2.64147,5.36661,0.0424023
2.76245,5.09611,0.0413347
2.88343,4.90618,0.0405868
3.00442,4.58315,0.0392633
3.1254,4.41848,0.0385764
3.24638,4.22916,0.037762
3.36736,4.11562,0.0372685
3.48835,3.93957,0.0364769
3.60933,3.91388,0.036388
3.73031,3.76931,0.0357249
3.8513,3.67029,0.0352664
3.97228,3.54673,0.0346835
4.09326,3.46937,0.0343141
4.21425,3.29396,0.0334577
4.33523,3.21312,0.0330614
4.45621,3.01589,0.032047
4.5772,2.92568,0.0315799
4.69818,2.79335,0.0308805
4.81916,2.62483,0.0299549
4.94015,2.46128,0.029024
5.06113,2.34801,0.0283554
5.18211,2.22951,0.027655
5.3031,2.07569,0.0267038
5.42408,1.9917,0.0261785
5.54506,1.898,0.0255723
5.66605,1.81164,0.0250105
5.78703,1.71768,0.0243653
5.90801,1.6961,0.0242261
6.02899,1.64629,0.0238792
6.14998,1.60836,0.0236287
6.27096,1.57944,0.0234244
6.39194,1.53298,0.0230953
6.51293,1.51608,0.0229944
6.63391,1.45853,0.0225669
6.75489,1.41767,0.0222649
6.87588,1.42748,0.0223587
6.99686,1.41611,0.0222813
7.11784,1.4416,0.0224981
7.23883,1.40687,0.0222362
7.35981,1.43091,0.0224263
7.48079,1.38836,0.0221074
7.60178,1.43364,0.0224819
7.72276,1.43421,0.0224871
7.84374,1.39633,0.0222072
7.96473,1.45559,0.0226885
8.08571,1.50157,0.023058
8.20669,1.42493,0.0224737
8.32767,1.35752,0.0219553
8.44866,1.3121,0.0216011
8.56964,1.18183,0.0205345
8.69062,1.06737,0.0195347
8.81161,0.997591,0.0189059
8.93259,0.9789,0.0187613
9.05357,0.899345,0.018003
9.17456,0.90423,0.0180702
9.29554,0.880848,0.0178404
9.41652,0.835448,0.0173944
9.53751,0.790188,0.0169288
9.65849,0.734703,0.0163372
9.77947,0.70178,0.0159977
9.90046,0.646172,0.01536
10.0214,0.576711,0.0145401
10.1424,0.533441,0.0139939
10.2634,0.527121,0.0139193
10.3844,0.475525,0.0132329
10.5054,0.45444,0.0129441
10.6264,0.436421,0.0126867
10.7473,0.427596,0.0125671
10.8683,0.433515,0.0126695
10.9893,0.416075,0.0124197
11.1103,0.412851,0.0123722
11.2313,0.409422,0.0123325
11.3523,0.378846,0.0118704
11.4732,0.382767,0.0119383
11.5942,0.380067,0.0119026
11.7152,0.402506,0.0122681
11.8362,0.3661,0.011702
11.9572,0.372052,0.0118081
12.0782,0.340209,0.0113006
12.1991,0.346406,0.0114109
12.3201,0.36041,0.0116511
12.4411,0.346301,0.0114328
12.5621,0.357031,0.0116213
12.6831,0.327626,0.0111345
12.8041,0.333933,0.0112475
12.925,0.339288,0.0113469
13.046,0.345585,0.0114634
13.167,0.339778,0.0113793
13.288,0.349729,0.0115484
13.409,0.347365,0.0115191
13.53,0.339548,0.0113941
13.6509,0.32188,0.0110905
13.7719,0.30589,0.0108253
13.8929,0.32146,0.0111045
14.0139,0.307277,0.01086
14.1349,0.30421,0.0108162
14.2559,0.266274,0.010133
14.3768,0.289774,0.010585
14.4978,0.27881,0.0103803
14.6188,0.285695,0.0105047
14.7398,0.279567,0.0104089
14.8608,0.278334,0.0103803
14.9817,0.270138,0.0102393
15.1027,0.261363,0.0100846
15.2237,0.260907,0.0100765
15.3447,0.251814,0.00990472
15.4657,0.240873,0.00968702
15.5867,0.238599,0.00964371
15.7076,0.226671,0.00941243
15.8286,0.233433,0.00955116
15.9496,0.238057,0.00965538
16.0706,0.239149,0.00967939
16.1916,0.227123,0.00945138
16.3126,0.231569,0.00954514
16.4335,0.231014,0.00953904
16.5545,0.222701,0.00937217
16.6755,0.209314,0.00909241
16.7965,0.220427,0.00933816
16.9175,0.221697,0.00937156
17.0385,0.212482,0.00919385
17.1594,0.219329,0.009342
17.2804,0.198619,0.00890142
17.4014,0.191682,0.0087472
17.5224,0.206926,0.00910307
17.6434,0.201594,0.00898709
17.7644,0.181917,0.00854001
17.8853,0.180147,0.00850469
18.0063,0.189566,0.00872517
18.1273,0.189793,0.00874478
18.2483,0.196384,0.00892039
18.3693,0.180218,0.00853025
18.4903,0.178027,0.00849055
18.6112,0.17236,0.00836347
18.7322,0.18012,0.00854089
18.8532,0.159743,0.0080534
18.9742,0.160291,0.00807787
19.0952,0.169508,0.00831035
19.2162,0.18566,0.00869428
19.3371,0.162907,0.00815425
19.4581,0.177784,0.00851718
19.5791,0.158078,0.0080346
19.7001,0.1673,0.00828258
19.8211,0.172787,0.0084201
19.9421,0.184248,0.00870161
20.063,0.179913,0.00860669
20.184,0.191465,0.00887734
20.305,0.180575,0.00862168
20.426,0.172216,0.00842068
20.547,0.178762,0.00859744
20.668,0.175198,0.00851769
20.7889,0.168357,0.00834327
20.9099,0.174816,0.00850661
21.0309,0.180435,0.00863714
21.1519,0.171537,0.00844273
21.2729,0.179548,0.00865203
21.3939,0.18127,0.00868705
21.5148,0.178711,0.00863224
21.6358,0.188784,0.00888694
21.7568,0.194169,0.00901317
21.8778,0.176401,0.00858769
21.9988,0.182916,0.00875219
22.1198,0.195806,0.0090586
22.2407,0.193504,0.00902627
22.3617,0.176306,0.0085977
22.4827,0.18034,0.00870193
22.6037,0.164666,0.00832815
22.7247,0.186762,0.00888786
22.8457,0.200559,0.00920295
22.9666,0.171745,0.00852308
23.0876,0.179938,0.00873669
23.2086,0.178483,0.00870384
23.3296,0.180287,0.00875411
23.4506,0.19324,0.0090715
23.5716,0.177874,0.00870807
23.6925,0.17625,0.0086648
23.8135,0.170864,0.00853939
23.9345,0.188121,0.00896082
24.0555,0.182871,0.00884105
24.1563,0.212484,0.0116979
24.2571,0.187345,0.00464538
24.3784,0.186536,0.00462928
24.5003,0.187969,0.0046229
24.6228,0.189726,0.00463485
24.7459,0.189261,0.00461463
24.8696,0.192561,0.00464249
24.994,0.18957,0.00459036
25.119,0.188672,0.00456969
25.2446,0.19115,0.00459461
25.3708,0.193785,0.00460363
25.4976,0.181197,0.00444927
25.6251,0.184364,0.0044646
25.7533,0.187334,0.00450117
25.882,0.186855,0.00447931
26.0114,0.190371,0.00450748
26.1415,0.189892,0.00448801
26.2722,0.179029,0.00434819
26.4036,0.192867,0.00450167
26.5356,0.19427,0.00450653
26.6682,0.197571,0.00453179
26.8016,0.190647,0.00444509
26.9356,0.19286,0.00446676
27.0703,0.19004,0.00441633
27.2056,0.189405,0.00439861
27.3417,0.193545,0.00443553
27.4784,0.189619,0.004379
27.6158,0.186798,0.00434032
27.7538,0.190939,0.00437434
27.8926,0.199791,0.00446337
28.0321,0.192663,0.0043747
28.1722,0.190672,0.00434188
28.3131,0.192637,0.00435377
28.4547,0.192118,0.00433449
28.5969,0.195466,0.00436962
28.7399,0.19697,0.00437227
28.8836,0.196088,0.00435529
29.028,0.189589,0.00427191
29.1732,0.191485,0.00428663
29.319,0.192861,0.00429155
29.4656,0.188043,0.00422195
29.613,0.19159,0.00425392
29.761,0.198246,0.00431335
29.9098,0.188997,0.00420673
30.0594,0.191365,0.00422508
30.2097,0.186691,0.00416074
30.3607,0.19619,0.00425703
30.5125,0.190822,0.00418775
30.6651,0.196441,0.00424184
30.8184,0.193276,0.00419233
30.9725,0.190329,0.00415608
31.1274,0.185016,0.00409106
31.283,0.192773,0.00416098
31.4394,0.191567,0.00414216
31.5966,0.194788,0.00416591
31.7546,0.197511,0.00418754
31.9134,0.192167,0.0041217
32.0729,0.194601,0.00414201
32.2333,0.189869,0.00407976
32.3945,0.195174,0.00413045
32.5564,0.190163,0.00406826
32.7192,0.198001,0.00414429
32.8828,0.193587,0.00408955
33.0472,0.191445,0.0040603
33.2125,0.192049,0.00405355
33.3785,0.201594,0.0041455
33.5454,0.195674,0.00407542
33.7132,0.189963,0.00400903
33.8817,0.197174,0.00407106
34.0511,0.187791,0.00396708
34.2214,0.195785,0.00403903
34.3925,0.198932,0.00406347
34.5645,0.20762,0.00414341
34.7373,0.201783,0.0040769
34.911,0.202428,0.00407352
35.0855,0.196757,0.0040063
35.2609,0.196459,0.00399067
35.4373,0.196733,0.00398866
35.6144,0.20783,0.00408933
35.7925,0.20326,0.00403591
35.9715,0.20192,0.00401081
36.1513,0.204895,0.00403278
36.3321,0.202324,0.00399946
36.5137,0.208916,0.00405523
36.6963,0.204574,0.00400873
36.8798,0.209019,0.00404283
37.0642,0.208234,0.0040195
37.2495,0.205489,0.00398762
37.4358,0.202055,0.00394722
37.6229,0.207113,0.00398593
37.8111,0.20892,0.00399509
38.0001,0.208484,0.00398144
38.1901,0.213141,0.00401854
38.3811,0.214014,0.00401265
38.573,0.213686,0.00400509
38.7658,0.217232,0.00402791
38.9597,0.207774,0.00393381
39.1545,0.216238,0.00400295
39.3502,0.208405,0.00392156
39.547,0.216334,0.00398377
39.7447,0.217712,0.00398985
39.9434,0.211614,0.00392369
40.1432,0.210448,0.00390621
40.3439,0.213276,0.00392669
40.5456,0.215216,0.0039366
40.7483,0.221793,0.00398766
40.9521,0.220006,0.00396411
41.1568,0.2235,0.00398813
41.3626,0.216569,0.00391253
41.5694,0.214953,0.00389255
41.7773,0.218977,0.00391875
41.9862,0.222046,0.00393873
42.1961,0.217381,0.00388744
42.4071,0.22333,0.00393428
42.6191,0.222799,0.0039203
42.8322,0.223107,0.00391245
43.0464,0.226314,0.00393473
43.2616,0.220263,0.00387512
43.4779,0.227324,0.00392548
43.6953,0.227076,0.00391631
43.9138,0.222191,0.00386389
44.1333,0.221367,0.0038508
44.354,0.226077,0.0038818
44.5758,0.226764,0.00387986
44.7987,0.225315,0.003859
45.0226,0.231145,0.00390331
45.2478,0.236024,0.00393551
45.474,0.228307,0.00386125
45.7014,0.225039,0.0038277
45.9299,0.234116,0.00389606
46.1595,0.227555,0.00383198
46.3903,0.23119,0.00385386
46.6223,0.228622,0.00382531
46.8554,0.223389,0.00377434
47.0897,0.225624,0.00378319
47.3251,0.229742,0.00381092
47.5617,0.23222,0.0038255
47.7995,0.234147,0.00383468
48.0385,0.230022,0.0037904
48.2787,0.231312,0.00379527
48.5201,0.228716,0.00376637
48.7627,0.225942,0.00373498
49.0065,0.229015,0.00375333
49.2516,0.233422,0.00378319
49.4978,0.233871,0.00377868
49.7453,0.230747,0.0037492
49.994,0.229807,0.00373426
50.244,0.232655,0.00374708
50.4952,0.232658,0.00374284
50.7477,0.233365,0.00373901
51.0015,0.233863,0.00373719
51.2565,0.230006,0.00370067
51.5127,0.233801,0.00372278
51.7703,0.233943,0.00371918
52.0292,0.238432,0.00374732
52.2893,0.238802,0.00374397
52.5507,0.241076,0.00375504
52.8135,0.239926,0.00374061
53.0776,0.235907,0.00370055
53.343,0.241149,0.00373752
53.6097,0.232362,0.0036614
53.8777,0.244273,0.00374849
54.1471,0.238453,0.00369626
54.4178,0.239761,0.00369934
54.6899,0.244011,0.00372634
54.9634,0.237144,0.00366857
55.2382,0.245161,0.00372339
55.5144,0.249908,0.00375296
55.792,0.246306,0.00372086
56.0709,0.246519,0.00371574
56.3513,0.250082,0.00373836
56.633,0.24744,0.00371161
56.9162,0.246138,0.0036971
57.2008,0.248409,0.00370669
57.4868,0.252889,0.00373617
57.7742,0.253153,0.00373275
58.0631,0.249949,0.00370068
58.3534,0.246258,0.00366826
58.6452,0.255958,0.00373387
58.9384,0.255935,0.00372851
59.2331,0.251354,0.0036885
59.5293,0.252298,0.00368733
59.8269,0.251657,0.00367683
60.126,0.26187,0.00374475
60.4267,0.257382,0.00370758
60.7288,0.252624,0.00366681
61.0324,0.259871,0.00371161
61.3376,0.256762,0.00368438
61.6443,0.256956,0.00367999
61.9525,0.258542,0.00368551
62.2623,0.264011,0.00371787
62.5736,0.259717,0.00368078
62.8865,0.263107,0.00369952
63.2009,0.264459,0.00370357
63.5169,0.265302,0.00370486
63.8345,0.268787,0.00372398
64.1537,0.26956,0.00372239
64.4744,0.272933,0.00374044
64.7968,0.266285,0.00369041
65.1208,0.281588,0.00378977
65.4464,0.284546,0.00380214
65.7736,0.275788,0.00373898
66.1025,0.281455,0.00377141
66.433,0.284244,0.00378398
66.7652,0.293931,0.00384323
67.099,0.291227,0.00382103
67.4345,0.297538,0.00385745
67.7716,0.299096,0.00386342
68.1105,0.300955,0.00386893
68.4511,0.311807,0.00393542
68.7933,0.31739,0.00396623
69.1373,0.317577,0.00396397
69.483,0.326327,0.00401483
69.8304,0.32283,0.00398836
70.1795,0.319595,0.00396357
70.5304,0.32916,0.00401943
70.8831,0.336633,0.00406111
71.2375,0.339621,0.00407475
71.5937,0.344448,0.0041016
71.9517,0.358545,0.00418094
72.3114,0.373018,0.00426171
72.673,0.388105,0.00434445
73.0363,0.399116,0.00440425
73.4015,0.404304,0.00443005
73.7685,0.402004,0.00441076
74.1374,0.397003,0.00437895
74.5081,0.381372,0.00428489
74.8806,0.366114,0.00418827
75.255,0.350043,0.0040873
75.6313,0.336833,0.00400153
76.0094,0.337943,0.00399799
76.3895,0.32765,0.00393134
76.7714,0.327054,0.00392092
77.1553,0.325345,0.00390575
77.5411,0.322139,0.00387916
77.9288,0.318685,0.00385424
78.3184,0.313848,0.0038182
78.71,0.325676,0.0038839
79.1035,0.330066,0.00390391
79.4991,0.323716,0.0038612
79.8966,0.32773,0.00387863
80.296,0.330018,0.00388863
80.6975,0.32471,0.00385104
81.101,0.330169,0.0038773
81.5065,0.324737,0.00384043
81.9141,0.325866,0.00384144
82.3236,0.329429,0.00385627
82.7352,0.326278,0.00383281
83.1489,0.323345,0.00381096
83.5647,0.329146,0.00384047
83.9825,0.32888,0.00383285
84.4024,0.326159,0.00381247
84.8244,0.325827,0.00380769
85.2485,0.321772,0.00377827
85.6748,0.332561,0.00383569
86.1031,0.32825,0.00380836
86.5337,0.32466,0.0037819
86.9663,0.331579,0.00381709
87.4012,0.327755,0.00379269
87.8382,0.32572,0.00377413
88.2774,0.328815,0.00378893
88.7187,0.330353,0.00379217
89.1623,0.333503,0.00380445
89.6082,0.329543,0.00377651
90.0562,0.332055,0.00378517
90.5065,0.327712,0.00375574
90.959,0.328887,0.00375629
91.4138,0.328738,0.0037482
91.8709,0.323694,0.00371599
92.3302,0.310003,0.00362974
92.7919,0.315861,0.00365984
93.2558,0.316181,0.00365658
93.7221,0.313946,0.00363756
94.1907,0.310183,0.00361069
94.6617,0.314468,0.00362801
95.135,0.313791,0.00362157
95.6107,0.310721,0.0035983
96.0887,0.313797,0.00361
96.5692,0.316674,0.00362076
97.052,0.314844,0.00360609
97.5373,0.314541,0.00359867
98.0249,0.32133,0.00363091
98.5151,0.315907,0.00359711
99.0076,0.315448,0.00358699
99.5027,0.312997,0.00356723
100,0.312259,0.00355908
100.5,0.320078,0.00359793
101.003,0.31734,0.00357753
101.508,0.313373,0.00355012
102.015,0.317159,0.0035666
102.525,0.317147,0.00356066
103.038,0.313429,0.00353725
103.553,0.310869,0.003519
104.071,0.307857,0.0034971
104.591,0.306997,0.0034888
105.114,0.302604,0.00346063
105.64,0.303154,0.00345928
106.168,0.303731,0.00345912
106.699,0.303897,0.00345598
107.232,0.300598,0.00343461
107.768,0.301231,0.00343349
108.307,0.301578,0.00343138
108.849,0.296683,0.00340065
109.393,0.291229,0.00336174
109.94,0.297403,0.00339269
110.49,0.295238,0.00337602
111.042,0.294881,0.0033687
111.597,0.302232,0.00340615
112.155,0.293745,0.003354
112.716,0.297063,0.0033713
113.28,0.295393,0.00335983
113.846,0.290825,0.00333077
114.415,0.283594,0.00328761
114.987,0.290386,0.00332542
115.562,0.28519,0.00329165
116.14,0.291528,0.0033282
116.721,0.290485,0.00331842
117.305,0.296919,0.0033536
117.891,0.294788,0.00333856
118.481,0.300319,0.00336784
119.073,0.299166,0.00336181
119.668,0.296966,0.0033472
120.267,0.298934,0.00335794
120.868,0.300102,0.00336226
121.472,0.292298,0.00331643
122.08,0.286662,0.00328203
122.69,0.285008,0.00327074
123.304,0.286,0.00327483
123.92,0.27142,0.00318707
124.54,0.278113,0.0032247
125.162,0.277671,0.00321891
125.788,0.275715,0.00320646
126.417,0.269749,0.00316772
127.049,0.26871,0.00316012
127.684,0.273327,0.00318442
128.323,0.276114,0.00319852
128.964,0.276484,0.00319793
129.609,0.274673,0.00318568
130.257,0.27157,0.00316438
130.909,0.272522,0.0031689
131.563,0.276842,0.00319056
132.221,0.280122,0.0032077
132.882,0.286901,0.00324432
133.546,0.288088,0.0032479
134.214,0.285903,0.00323425
134.885,0.293133,0.00327223
135.56,0.294567,0.00327738
136.238,0.30781,0.00334853
136.919,0.307619,0.00334485
137.603,0.320008,0.00340781
138.291,0.320121,0.00340632
138.983,0.332823,0.00347166
139.678,0.337094,0.0034901
140.376,0.342076,0.00351399
141.078,0.355682,0.00358095
141.783,0.356023,0.00358055
142.492,0.369368,0.00364587
143.205,0.362012,0.00360741
143.921,0.379464,0.00369076
144.64,0.37989,0.00369161
145.364,0.387177,0.00372634
146.09,0.383569,0.00370786
146.821,0.389733,0.00373345
147.555,0.392772,0.00374749
148.293,0.389197,0.0037287
149.034,0.386153,0.0037135
149.779,0.398337,0.00377001
150.528,0.396497,0.00375933
151.281,0.395683,0.00375432
152.037,0.386063,0.00370551
152.797,0.392654,0.00373588
153.561,0.393722,0.00373939
154.329,0.398311,0.00376075
155.101,0.388969,0.00371358
155.876,0.403562,0.00378014
156.656,0.396806,0.00374824
157.439,0.391434,0.00372121
158.226,0.385352,0.00369042
159.017,0.382311,0.00367537
159.812,0.385224,0.00368746
160.612,0.386152,0.00369237
161.415,0.384909,0.003685
162.222,0.383265,0.00367628
163.033,0.375484,0.00363746
163.848,0.37747,0.00364768
164.667,0.371387,0.00361754
165.491,0.374547,0.00363315
166.318,0.378012,0.00365047
167.15,0.373125,0.00362675
167.985,0.37373,0.0036303
168.825,0.371747,0.00362121
169.669,0.376195,0.0036437
170.518,0.370802,0.00361689
171.37,0.366673,0.00359751
172.227,0.356842,0.00354752
173.088,0.352194,0.00352535
173.954,0.351493,0.00352287
174.823,0.346166,0.00349521
175.698,0.34673,0.00349911
176.576,0.344147,0.00348402
177.459,0.329864,0.00341157
178.346,0.333034,0.00342626
179.238,0.332196,0.00342345
180.134,0.331695,0.00341963
181.035,0.335336,0.00343697
181.94,0.328128,0.00339923
182.85,0.323738,0.00337598
183.764,0.32628,0.00338907
184.683,0.323474,0.00337341
185.606,0.327415,0.00339118
186.534,0.329172,0.00340042
187.467,0.328204,0.00339575
188.404,0.335019,0.00342934
189.346,0.337477,0.00344331
190.293,0.339301,0.0034522
191.244,0.335687,0.00343189
192.201,0.336501,0.00343747
193.162,0.335322,0.00343135
194.128,0.324329,0.00337472
195.098,0.316953,0.00333617
196.074,0.303297,0.00326374
197.054,0.296296,0.00322709
198.039,0.288454,0.00318279
199.029,0.287713,0.00317731
200.025,0.286326,0.00316999
201.025,0.281033,0.00313925
202.03,0.277561,0.00312214
203.04,0.271072,0.00308369
204.055,0.270827,0.00308219
205.075,0.271192,0.00308328
206.101,0.262384,0.00303434
207.131,0.26763,0.00306561
208.167,0.261689,0.00302998
209.208,0.262256,0.0030324
210.254,0.261397,0.00302999
211.305,0.261844,0.00303115
212.362,0.254328,0.00298899
213.424,0.252459,0.00297833
214.491,0.249904,0.00296428
215.563,0.246981,0.00294837
216.641,0.247911,0.00295489
217.724,0.250383,0.00297049
218.813,0.254034,0.00299301
219.907,0.255088,0.00300101
221.006,0.251509,0.0029807
222.111,0.257581,0.0030192
223.222,0.260608,0.00303664
224.338,0.259204,0.00302869
225.46,0.261221,0.00304227
226.587,0.264912,0.00306372
227.72,0.262221,0.00304773
228.859,0.258857,0.00302623
230.003,0.258329,0.00302232
231.153,0.261386,0.00303704
232.309,0.260267,0.00303201
233.47,0.261169,0.00303633
234.638,0.267283,0.00307239
235.811,0.266756,0.00306754
236.99,0.271584,0.00309666
238.175,0.272495,0.00310237
239.366,0.275844,0.00312236
240.562,0.283993,0.00316809
241.765,0.283656,0.00316905
242.974,0.280335,0.00315145
244.189,0.281965,0.00316098
245.41,0.274289,0.00311849
246.637,0.267798,0.00308001
247.87,0.266224,0.0030718
249.109,0.257229,0.00301829
250.355,0.249711,0.00297625
251.607,0.240534,0.00292044
252.865,0.243694,0.0029391
254.129,0.237977,0.0029043
255.4,0.229565,0.00285245
256.677,0.230174,0.00285469
257.96,0.223973,0.00281766
259.25,0.217547,0.0027753
260.546,0.220598,0.00279659
261.849,0.216809,0.00277336
263.158,0.215433,0.00276536
264.474,0.216879,0.00277326
265.796,0.220767,0.0027993
267.125,0.223542,0.00281771
268.461,0.22601,0.00283394
269.803,0.231787,0.00286933
271.152,0.236109,0.00289902
272.508,0.247514,0.00296934
273.871,0.253121,0.00300266
275.24,0.260012,0.00304582
276.616,0.265306,0.0030777
277.999,0.275318,0.00313661
279.389,0.283182,0.00318186
280.786,0.289504,0.00321939
282.19,0.302365,0.00329156
283.601,0.30755,0.00332255
285.019,0.312049,0.00334928
286.444,0.321816,0.0034026
287.876,0.31834,0.0033865
289.316,0.314368,0.00336668
290.762,0.317483,0.00338588
292.216,0.31198,0.0033596
293.677,0.300443,0.00330028
295.146,0.297676,0.00328823
296.621,0.292137,0.00326068
298.104,0.277901,0.00318477
299.595,0.273566,0.00316005
301.093,0.269045,0.00313743
302.598,0.258947,0.00308185
304.111,0.251847,0.0030424
305.632,0.250589,0.00303822
307.16,0.242077,0.00298825
308.696,0.239777,0.00297669
310.239,0.229628,0.00291688
311.791,0.227204,0.00290471
313.35,0.226838,0.00290625
314.916,0.216761,0.00284513
316.491,0.208121,0.00279282
318.073,0.199042,0.00273434
319.664,0.186568,0.00265123
321.262,0.181391,0.00261737
322.868,0.171018,0.00254523
324.483,0.163924,0.00249621
326.105,0.155999,0.00243905
327.736,0.154279,0.00242822
329.374,0.15434,0.00243243
331.021,0.145215,0.00236206
332.676,0.142233,0.00234061
334.34,0.138979,0.00231778
336.011,0.142571,0.00235117
337.691,0.137493,0.00231295
339.38,0.133097,0.00227639
341.077,0.132672,0.00227739
342.782,0.131443,0.00227032
344.496,0.128596,0.00224593
346.218,0.128262,0.00224785
347.95,0.124983,0.00222098
349.689,0.120116,0.00218025
351.438,0.123891,0.00221691
353.195,0.124112,0.00222065
354.961,0.122082,0.00220643
356.736,0.125629,0.00224291
358.519,0.123575,0.00222644
360.312,0.126205,0.00225216
362.114,0.121694,0.00221347
363.924,0.122396,0.00222279
365.744,0.118417,0.00219109
367.572,0.119981,0.00220795
369.41,0.119818,0.00221189
371.257,0.11852,0.00220357
373.114,0.118582,0.00220469
374.979,0.118278,0.00220624
376.854,0.120084,0.00222622
378.738,0.116222,0.00219398
380.632,0.121185,0.00224266
382.535,0.115747,0.00219692
384.448,0.119255,0.00223521
386.37,0.124514,0.00228564
388.302,0.122539,0.00227225
390.244,0.123331,0.00228245
392.195,0.119231,0.0022486
394.156,0.119626,0.00225523
396.127,0.122355,0.00228263
398.107,0.121366,0.00227942
400.098,0.120944,0.00227946
402.098,0.123233,0.00230502
404.109,0.121662,0.00229388
406.129,0.123443,0.00231294
408.16,0.120152,0.00228717
410.201,0.12618,0.00234894
412.252,0.123568,0.00232866
414.313,0.126314,0.00235784
416.384,0.128992,0.00239043
418.466,0.125882,0.00236468
420.559,0.12949,0.00240365
422.662,0.128179,0.00239645
424.775,0.1261,0.00237981
426.899,0.130225,0.00242413
429.033,0.128442,0.00241394
431.178,0.134872,0.00247695
433.334,0.128409,0.00242232
435.501,0.12958,0.00243852
437.678,0.130415,0.00245064
439.867,0.132771,0.00247947
442.066,0.139205,0.00254205
444.276,0.136222,0.00252106
446.498,0.134419,0.0025083
448.73,0.130088,0.00247105
450.974,0.133216,0.00250653
453.229,0.132973,0.00251027
455.495,0.130236,0.00248924
457.773,0.131639,0.00250882
460.061,0.129341,0.00249146
462.362,0.128507,0.00248916
464.673,0.127285,0.00248199
466.997,0.125609,0.00247122
469.332,0.125611,0.00247977
471.679,0.133724,0.00256211
474.037,0.133294,0.00256506
476.407,0.130115,0.00254065
478.789,0.131787,0.00256325
481.183,0.123047,0.002482
483.589,0.121281,0.00247006
486.007,0.123287,0.00249738
488.437,0.125258,0.00252101
490.879,0.11894,0.00246071
493.334,0.117595,0.00245705
495.8,0.118288,0.00246905
498.279,0.117769,0.00246904
500.771,0.113233,0.00242596
503.274,0.114157,0.00243915
505.791,0.115573,0.00246159
508.32,0.106398,0.002368
510.861,0.108129,0.00239232
513.416,0.103444,0.00234523
515.983,0.107189,0.00239332
518.563,0.10812,0.00240874
521.155,0.109571,0.00243193
523.761,0.103163,0.00236714
526.38,0.100754,0.00234464
529.012,0.102366,0.00236867
531.657,0.10642,0.00242213
534.315,0.10619,0.00242455
536.987,0.103317,0.00239771
539.672,0.103233,0.00240274
542.37,0.111668,0.00250845
545.082,0.106118,0.00245247
547.807,0.106293,0.00245936
550.546,0.103888,0.00243607
553.299,0.10552,0.00246209
556.066,0.10316,0.00243974
558.846,0.11059,0.00253437
561.64,0.105933,0.00248817
564.448,0.111655,0.00256352
567.271,0.112111,0.00257633
570.107,0.114322,0.00260683
572.958,0.113065,0.00259886
575.822,0.112633,0.002602
578.702,0.116216,0.00264641
581.595,0.119545,0.00269315
584.503,0.113853,0.0026376
587.426,0.113764,0.00264489
590.363,0.112962,0.00264346
593.314,0.116299,0.00268945
596.281,0.117483,0.00271277
599.262,0.116726,0.00270884
602.259,0.113657,0.00268182
605.27,0.112479,0.00267705
608.296,0.114368,0.00270867
611.338,0.117611,0.00275288
614.395,0.118282,0.00277109
617.467,0.117386,0.00276757
620.554,0.118187,0.00278665
623.657,0.118809,0.00280267
626.775,0.120871,0.00283921
629.909,0.118904,0.0028236
633.058,0.115503,0.00279026
636.224,0.111502,0.00275084
639.405,0.110468,0.00274542
642.602,0.116373,0.00282508
645.815,0.115986,0.00283126
649.044,0.11691,0.00285112
652.289,0.11398,0.00282464
655.551,0.118852,0.00289324
658.828,0.115581,0.00286168
662.122,0.112614,0.00283583
665.433,0.110727,0.00281849
668.76,0.115885,0.0028925
672.104,0.113274,0.00286992
675.464,0.110781,0.00284646
678.842,0.111613,0.00286607
682.236,0.10981,0.00285258
685.647,0.106779,0.00282265
689.075,0.108102,0.00284892
692.521,0.112256,0.00291035
695.983,0.115992,0.00296893
699.463,0.115084,0.00297073
702.961,0.109329,0.00290558
706.475,0.10911,0.00290835
710.008,0.11405,0.00298577
713.558,0.110316,0.00294472
717.126,0.112176,0.00297738
720.711,0.110468,0.00296767
724.315,0.114006,0.00302437
727.936,0.111497,0.00300165
731.576,0.114624,0.00305324
735.234,0.118258,0.00311127
738.91,0.114909,0.00307665
742.605,0.11834,0.00313439
746.318,0.115412,0.00310457
750.049,0.112072,0.00307075
753.8,0.112338,0.00308373
757.569,0.112816,0.00310055
761.356,0.111271,0.00308922
765.163,0.116449,0.00317155
768.989,0.119649,0.00322356
772.834,0.118691,0.00322509
776.698,0.116461,0.0032033
780.582,0.120358,0.00326744
784.485,0.119615,0.00326778
788.407,0.121111,0.00329488
792.349,0.120125,0.00329098
796.311,0.119969,0.00330392
800.292,0.121248,0.0033336
804.294,0.126495,0.00341783
808.315,0.120894,0.00335337
812.357,0.122381,0.00338773
816.419,0.119028,0.00335001
820.501,0.119261,0.00336292
824.603,0.122111,0.00341539
828.726,0.117129,0.00335601
832.87,0.116715,0.00336456
837.034,0.119615,0.00341756
841.219,0.118189,0.00341023
845.425,0.11839,0.00342463
849.653,0.118226,0.00343364
853.901,0.118096,0.00344123
858.17,0.113053,0.00338079
862.461,0.113127,0.00339658
866.773,0.118124,0.00348126
871.107,0.117886,0.00349162
875.463,0.11051,0.00339118
879.84,0.117543,0.00350861
884.239,0.110668,0.00341759
888.661,0.11139,0.0034432
893.104,0.113567,0.00348685
897.569,0.113284,0.00349669
902.057,0.108822,0.0034392
906.568,0.113032,0.00351893
911.1,0.110891,0.00349405
915.656,0.111017,0.0035104
920.234,0.112097,0.00354567
924.835,0.112127,0.00355416
929.46,0.117643,0.00365346
934.107,0.108719,0.00352602
938.777,0.111243,0.00358154
943.471,0.113028,0.0036164
948.189,0.109249,0.00357879
952.93,0.104992,0.00351875
957.694,0.11205,0.00364957
962.483,0.108558,0.00360522
967.295,0.114415,0.00371673
972.132,0.108923,0.00363539
976.992,0.110188,0.0036752
981.877,0.112609,0.0037271
986.787,0.109029,0.00367919
991.72,0.110807,0.00372243
996.679,0.115644,0.00382133
1001.66,0.11839,0.00388169
1006.67,0.113296,0.00380501
1011.7,0.113895,0.00383516
1016.76,0.110851,0.00380123
1021.85,0.114007,0.00386883
1026.96,0.118632,0.00395782
1032.09,0.113176,0.00387669
1037.25,0.119542,0.00400903
1042.44,0.118319,0.00400612
1047.65,0.119708,0.00404328
1052.89,0.116654,0.00400648
1058.15,0.116157,0.00400971
1063.44,0.125134,0.00417937
1068.76,0.125166,0.00419811
1074.1,0.125656,0.00421575
1079.47,0.130187,0.00431352
1084.87,0.140233,0.00449417
1090.3,0.137164,0.00446075
1095.75,0.13458,0.00443222
1101.23,0.136483,0.00448418
1106.73,0.137797,0.00452928
1112.27,0.139888,0.00457462
1117.83,0.13489,0.00450532
1123.42,0.137859,0.00458086
1129.03,0.13547,0.0045582
1134.68,0.127107,0.00443246
1140.35,0.132189,0.00453727
1146.05,0.132101,0.00456231
1151.78,0.13788,0.00467592
1157.54,0.143964,0.00479518
1163.33,0.150501,0.00492022
1169.15,0.143547,0.00482354
1174.99,0.14065,0.00479187
1180.87,0.136955,0.00475066
1186.77,0.141942,0.00485631
1192.71,0.142574,0.00488333
1198.67,0.144958,0.0049461
1204.66,0.14329,0.0049369
1210.69,0.140501,0.0049068
1216.74,0.142029,0.00495933
1222.82,0.146706,0.00505944
1228.94,0.142332,0.00499772
1235.08,0.140738,0.00499634
1241.26,0.137979,0.0049604
1247.46,0.138857,0.00499313
1253.7,0.136985,0.0049827
1259.97,0.142307,0.00509747
1266.27,0.133615,0.0049679
1272.6,0.130569,0.00493222
1278.96,0.139345,0.00511819
1285.36,0.140833,0.00516109
1291.79,0.138033,0.00512603
1298.24,0.136379,0.005125
1304.74,0.139563,0.00520775
1311.26,0.144433,0.00531388
1317.82,0.146755,0.00537849
1324.41,0.137386,0.00522532
1331.03,0.134005,0.00519638
1337.68,0.138354,0.00529499
1344.37,0.141779,0.00538089
1351.09,0.142428,0.00541728
1357.85,0.134658,0.0052805
1364.64,0.14167,0.00544544
1371.46,0.145798,0.00555082
1378.32,0.145676,0.00556726
1385.21,0.14784,0.00563142
1392.14,0.153955,0.00576485
1399.1,0.150614,0.00572965
1406.09,0.143375,0.00560395
1413.12,0.146276,0.00567885
1420.19,0.14884,0.00575982
1427.29,0.148163,0.00577147
1434.43,0.152752,0.0058874
1441.6,0.155347,0.00595496
1448.81,0.166254,0.00619274
1456.05,0.163198,0.00614793
1463.33,0.1709,0.00631758
1470.65,0.163512,0.0062077
1478,0.153923,0.00604915
1485.39,0.154226,0.00607955
1492.82,0.149222,0.00599648
1500.28,0.152978,0.00610038
1507.78,0.158205,0.00623265
1515.32,0.159,0.0062758
1522.9,0.14894,0.00609027
1530.51,0.146533,0.00606382
1538.16,0.168279,0.00653928
1545.86,0.15931,0.00638342
1553.58,0.157783,0.00637669
1561.35,0.15686,0.00638891
1569.16,0.148094,0.00622171
1577,0.159251,0.00648931
1584.89,0.147916,0.00627134
1592.81,0.153796,0.00640872
1600.78,0.163553,0.00664446
1608.78,0.160868,0.00661574
1616.83,0.161579,0.00665573
1624.91,0.155971,0.00656226
1633.03,0.153329,0.00653243
1641.2,0.149548,0.00646845
1649.41,0.156076,0.00663979
1657.65,0.160918,0.00676907
1665.94,0.152092,0.00660447
1674.27,0.14785,0.00653923
1682.64,0.145402,0.00649873
1691.06,0.154858,0.00674916
1699.51,0.150721,0.00667756
1708.01,0.144412,0.00655182
1716.55,0.142934,0.00654665
1725.13,0.148685,0.00670282
1733.76,0.144948,0.00665551
1742.43,0.15293,0.00684631
1751.14,0.146045,0.00672575
1759.89,0.153834,0.00690212
1768.69,0.151545,0.00688087
1777.54,0.140861,0.00666276
1786.42,0.1515,0.00693362
1795.36,0.151999,0.00697874
1804.33,0.159688,0.00717689
1813.35,0.156792,0.00713541
1822.42,0.156968,0.00716108
1831.53,0.148041,0.00697568
1840.69,0.14501,0.00694497
1849.89,0.156102,0.00722719
1859.14,0.156886,0.00725428
1868.44,0.141094,0.00691085
1877.78,0.138523,0.00687219
1887.17,0.150481,0.00718337
1896.61,0.143498,0.00702538
1906.09,0.141786,0.00702332
1915.62,0.146805,0.00716096
1925.2,0.144067,0.00711978
1934.82,0.1428,0.00711323
1944.5,0.148618,0.00728513
1954.22,0.137826,0.00703834
1963.99,0.141918,0.00716575
1973.81,0.142962,0.00721103
1983.68,0.143068,0.00723206
1993.6,0.142669,0.00725611
2003.57,0.14317,0.0072935
2013.59,0.159628,0.00772444
2023.65,0.143235,0.00733625
2033.77,0.130543,0.00703736
2043.94,0.137638,0.00725651
2054.16,0.151234,0.00763321
2064.43,0.14339,0.00745508
2074.75,0.140754,0.00740604
2085.13,0.138446,0.00734569
2095.55,0.146941,0.0076083
2106.03,0.147885,0.00767253
2116.56,0.13435,0.00733601
2127.14,0.142112,0.00755597
2137.78,0.144753,0.0076423
2148.47,0.138988,0.0075185
2159.21,0.137885,0.00753695
2170.01,0.136602,0.00750141
2180.86,0.135481,0.00749593
2191.76,0.134124,0.00749856
2202.72,0.135289,0.00755451
2213.73,0.13928,0.00768863
2224.8,0.142424,0.00781039
2235.93,0.133701,0.00757897
2247.11,0.149967,0.00803409
2258.34,0.132562,0.00758931
2269.63,0.132385,0.00760349
2280.98,0.127739,0.00747824
2292.39,0.125723,0.00744562
2303.85,0.139795,0.007876
2315.37,0.13688,0.00785121
2326.94,0.129386,0.00764196
2338.58,0.143347,0.0080599
2350.27,0.133424,0.00779602
2362.02,0.13294,0.00779541
2373.83,0.128706,0.00770907
2385.7,0.133541,0.00786758
2397.63,0.135742,0.00794617
2409.62,0.134557,0.00794053
2421.67,0.14892,0.00839375
2433.77,0.133879,0.00798836
2445.94,0.131063,0.00793269
2458.17,0.131418,0.00797408
2470.46,0.127983,0.00786242
2482.82,0.127776,0.00788041
2495.23,0.143392,0.00836809
2507.71,0.140799,0.00831732
2520.25,0.133821,0.00812803
2532.85,0.130878,0.00807745
2545.51,0.12361,0.00788161
2558.24,0.129746,0.00807617
2571.03,0.138988,0.00840133
2583.88,0.143794,0.00856849
2596.8,0.143647,0.00858314
2609.79,0.143587,0.00859847
2622.84,0.138751,0.00847617
2635.95,0.137008,0.00847452
2649.13,0.142217,0.00862782
2662.38,0.143709,0.00870522
2675.69,0.146285,0.00879939
2689.07,0.142979,0.00876369
2702.51,0.147668,0.00893762
2716.02,0.145875,0.00887445
2729.61,0.13928,0.00869634
2743.25,0.1401,0.0087417
2756.97,0.136924,0.00866312
2770.75,0.135216,0.00866225
2784.61,0.136548,0.00871514
2798.53,0.128355,0.00846115
2812.52,0.135764,0.00872177
2826.59,0.133703,0.00870221
2840.72,0.132935,0.00869368
2854.92,0.135153,0.00879867
2869.2,0.14024,0.00896182
2883.54,0.138224,0.00891639
2897.96,0.138838,0.00894373
2912.45,0.13429,0.00884776
2927.01,0.144176,0.00919213
2941.65,0.137655,0.00901559
2956.36,0.134146,0.00890681
2971.14,0.140347,0.00914452
2985.99,0.131488,0.0088878
3000.92,0.138863,0.00915183
3015.93,0.137978,0.00912575
3031.01,0.140924,0.00924423
3046.16,0.15606,0.00978272
3061.39,0.161402,0.0100082
3076.7,0.152299,0.00974372
3092.08,0.143489,0.00943737
3107.54,0.139913,0.0093423
3123.08,0.149259,0.00968923
3138.7,0.148108,0.00969007
3154.39,0.140209,0.009472
3170.16,0.134386,0.0092852
3186.01,0.152051,0.00992764
3201.94,0.168404,0.0104689
3217.95,0.157821,0.010168
3234.04,0.158113,0.0101963
3250.21,0.165607,0.0104525
3266.47,0.144285,0.00980112
3282.8,0.140684,0.00969989
3299.21,0.151631,0.010109
3315.71,0.137533,0.00966848
3332.29,0.146758,0.0100007
3348.95,0.140567,0.00980499
3365.69,0.152987,0.0102881
3382.52,0.155529,0.0104165
3399.43,0.152614,0.0103348
3416.43,0.152109,0.0103656
3433.51,0.15375,0.0104301
3450.68,0.158578,0.0105999
3467.93,0.13343,0.00976822
3485.27,0.14914,0.0103468
3502.7,0.150561,0.0104332
3520.21,0.151815,0.0104811
3537.81,0.137294,0.00999837
3555.5,0.153508,0.0106631
3573.28,0.151837,0.0106491
3591.15,0.154234,0.01075
3609.1,0.145814,0.0104757
3627.15,0.157308,0.0109178
3645.28,0.164981,0.011222
3663.51,0.167391,0.0113378
3681.83,0.150185,0.0107603
3700.24,0.152815,0.0108724
3718.74,0.14738,0.0106967
3737.33,0.143222,0.0105948
3756.02,0.159297,0.0111867
3774.8,0.157939,0.011194
3793.67,0.146414,0.0108373
3812.64,0.138408,0.0105531
3831.7,0.142311,0.0106985
3850.86,0.153585,0.0111687
3870.12,0.13937,0.0106817
3889.47,0.12488,0.0101278
3908.92,0.135252,0.0105493
3928.46,0.158029,0.0114763
3948.1,0.148066,0.0111132
3967.84,0.142049,0.010916
3987.68,0.144504,0.0110669
4007.62,0.151557,0.0113576
4027.66,0.149925,0.0113215
4047.8,0.143186,0.0111146
4068.04,0.139037,0.0109965
4088.38,0.147585,0.011354
4108.82,0.148853,0.0114436
4129.36,0.153567,0.0116331
4150.01,0.157822,0.0118245
4170.76,0.144039,0.0113418
4191.61,0.158136,0.0119003
4212.57,0.160776,0.0120497
4233.63,0.148066,0.0115949
4254.8,0.133926,0.0110743
4276.08,0.141663,0.0114131
4297.46,0.143668,0.011513
4318.94,0.154983,0.011982
4340.54,0.151071,0.011897
4362.24,0.143462,0.0116257
4384.05,0.153608,0.0120756
4405.97,0.152899,0.0120806
4428,0.156796,0.0122712
4450.14,0.164897,0.0125969
4472.39,0.159683,0.0124323
4494.75,0.153472,0.0121995
4517.23,0.149708,0.0121032
4539.81,0.158256,0.0125123
4562.51,0.162566,0.0127124
4585.33,0.152695,0.0123358
4608.25,0.143352,0.011993
4631.29,0.138189,0.0117891
4654.45,0.14615,0.0122092
4677.72,0.149585,0.012386
4701.11,0.132866,0.0117102
4724.62,0.164189,0.0130176
4748.24,0.166856,0.0131569
4771.98,0.157356,0.0128352
4795.84,0.153207,0.0126729
4819.82,0.155228,0.0127844
4843.92,0.154198,0.012789
4868.14,0.149793,0.0126124
4892.48,0.149808,0.0126316
4916.94,0.152667,0.012819
4941.53,0.152568,0.012822
4966.23,0.148225,0.0126635
4991.07,0.146988,0.0126218
5016.02,0.143975,0.0125712
5041.1,0.165147,0.0135297
5066.31,0.164338,0.013507
5091.64,0.15293,0.0130523
5117.1,0.143787,0.0126814
5142.68,0.142443,0.0126444
5168.4,0.155301,0.0132404
5194.24,0.167389,0.013797
5220.21,0.168177,0.0139199
5246.31,0.159068,0.0135335
5272.54,0.144655,0.0129275
5298.9,0.162777,0.01371
5325.4,0.172151,0.0141641
5352.03,0.171499,0.0141519
5378.79,0.151589,0.0132922
5405.68,0.144212,0.0130269
5432.71,0.152482,0.0134451
5459.87,0.174173,0.014431
5487.17,0.164637,0.0140554
5514.61,0.158632,0.013839
5542.18,0.164995,0.0141732
5569.89,0.171532,0.0144679
5597.74,0.156961,0.0138121
5625.73,0.159904,0.0139935
5653.86,0.16402,0.0142689
5682.13,0.162608,0.0142477
5710.54,0.160634,0.0141624
5739.09,0.159193,0.0141301
5767.79,0.15458,0.0139926
5796.62,0.147034,0.0136563
5825.61,0.166131,0.014541
5854.74,0.160599,0.0143056
5884.01,0.161641,0.0143943
5913.43,0.169067,0.014744
5943,0.166591,0.014649
5972.71,0.153329,0.0141025
6002.57,0.139787,0.0135074
6032.59,0.159002,0.0144609
6062.75,0.166778,0.0148351
6093.06,0.164531,0.0147572
6123.53,0.165194,0.0148058
6154.15,0.172036,0.0151234
6184.92,0.163366,0.0148015
6215.84,0.157097,0.0145775
6246.92,0.161301,0.0147963
6278.16,0.166552,0.0150602
6309.55,0.16134,0.0148465
6341.09,0.149176,0.0143169
6372.8,0.173317,0.015426
6404.66,0.176433,0.0156139
6436.69,0.173621,0.0155433
6468.87,0.166149,0.0152582
6501.22,0.181446,0.0159806
6533.72,0.180019,0.0159414
6566.39,0.179986,0.015973
6599.22,0.178589,0.015954
6632.22,0.182073,0.0161555
6665.38,0.173316,0.0157833
6698.71,0.172313,0.015751
6732.2,0.173189,0.0158213
6765.86,0.181879,0.0162713
6799.69,0.193838,0.0168862
6833.69,0.183597,0.016475
6867.86,0.174563,0.0160863
6902.2,0.167304,0.0157637
6936.71,0.177056,0.0162583
6971.39,0.192467,0.0169962
7006.25,0.181319,0.0164814
7041.28,0.166872,0.0158037
7076.49,0.16743,0.0158674
7111.87,0.169362,0.0160609
7147.43,0.185361,0.0168642
7183.16,0.192652,0.0172435
7219.08,0.174467,0.0164734
7255.18,0.174037,0.0164041
7291.45,0.175657,0.0165149
7327.91,0.178142,0.0166855
7364.55,0.177519,0.0167436
7401.37,0.195242,0.0175986
7438.38,0.190975,0.0174562
7475.57,0.183821,0.0171491
7512.95,0.176868,0.0167983
7550.51,0.190622,0.0174615
7588.26,0.186965,0.0172936
7626.21,0.178706,0.0169117
7664.34,0.181433,0.0171131
7702.66,0.190002,0.0175448
7741.17,0.199635,0.0180374
7779.88,0.214966,0.0187915
7818.78,0.181147,0.0172505
7857.87,0.181061,0.0172912
7897.16,0.179361,0.0172794
7936.65,0.181841,0.0175303
7976.33,0.174904,0.017208
8016.21,0.19153,0.0180121
8050.87,0.213378,0.0222733
