# X , Y , E Distribution=true

-20.1034,0.00908343,0.0020855
-19.9824,0.0062207,0.00172685
-19.8614,0.00631721,0.00174923
-19.7404,0.0137792,0.00256981
-19.6194,0.00829959,0.00200521
-19.4985,0.0145178,0.00264881
-19.3775,0.0133651,0.00253054
-19.2565,0.0108015,0.0022959
-19.1355,0.0293871,0.00379717
-19.0145,0.0210663,0.00321807
-18.8935,0.0118366,0.00238304
-18.7726,0.0419811,0.00455347
-18.6516,0.0181656,0.00297822
-18.5306,0.0171046,0.0028887
-18.4096,0.0296599,0.00381492
-18.2886,0.0198293,0.00312683
-18.1676,0.0116442,0.00239818
-18.0467,0.0191448,0.00307081
-17.9257,0.0171054,0.00289722
-17.8047,0.0150262,0.0027291
-17.6837,0.0198526,0.00313326
-17.5627,0.0147729,0.00269815
-17.4417,0.0236767,0.00343184
-17.3208,0.0221907,0.00333698
-17.1998,0.0212853,0.00325451
-17.0788,0.0229879,0.00338086
-16.9578,0.0271955,0.00368758
-16.8368,0.0277044,0.00373409
-16.7158,0.0371888,0.00433988
-16.5949,0.0366984,0.00431356
-16.4739,0.0334095,0.00411466
-16.3529,0.0389214,0.00445545
-16.2319,0.0355254,0.00425854
-16.1109,0.0470558,0.00491778
-15.9899,0.0454796,0.00484174
-15.869,0.0485402,0.00498712
-15.748,0.137514,0.00855748
-15.627,0.141349,0.00868682
-15.506,0.133248,0.00843805
-15.385,0.154028,0.00903306
-15.264,0.157277,0.00917681
-15.1431,0.182403,0.00991639
-15.0221,0.190281,0.0101143
-14.9011,0.177543,0.00976613
-14.7801,0.224059,0.0109902
-14.6591,0.201649,0.0104172
-14.5381,0.222103,0.0109413
-14.4172,0.199557,0.0103622
-14.2962,0.190678,0.0101222
-14.1752,0.193614,0.0102077
-14.0542,0.207176,0.0105658
-13.9332,0.211486,0.010651
-13.8122,0.199104,0.0103606
-13.6913,0.233909,0.0112412
-13.5703,0.268599,0.0120086
-13.4493,0.259314,0.011852
-13.3283,0.2422,0.0114644
-13.2073,0.245681,0.0115442
-13.0863,0.255782,0.0117565
-12.9654,0.276584,0.0122341
-12.8444,0.288144,0.0125094
-12.7234,0.294669,0.0126399
-12.6024,0.303293,0.0128365
-12.4814,0.305001,0.0128424
-12.3604,0.304572,0.0128278
-12.2395,0.358094,0.0139397
-12.1185,0.374877,0.0142686
-11.9975,0.312087,0.0130155
-11.8765,0.361383,0.013998
-11.7555,0.350051,0.0137845
-11.6345,0.41182,0.0149454
-11.5136,0.388166,0.0145205
-11.3926,0.389638,0.0145541
-11.2716,0.421541,0.0151206
-11.1506,0.410938,0.0149432
-11.0296,0.405264,0.0148468
-10.9086,0.45389,0.0156855
-10.7877,0.453087,0.0156723
-10.6667,0.523791,0.0168558
-10.5457,0.393516,0.0146169
-10.4247,0.435155,0.0153764
-10.3037,0.433362,0.0153657
-10.1828,0.434943,0.0153762
-10.0618,0.441055,0.0155017
-9.94078,0.465606,0.0159087
-9.8198,0.508466,0.0166465
-9.69882,0.494878,0.0164037
-9.57783,0.550489,0.0173101
-9.45685,0.501775,0.0165364
-9.33587,0.528469,0.0169613
-9.21488,0.528228,0.0169603
-9.0939,0.530651,0.0170324
-8.97292,0.553035,0.017375
-8.85194,0.537441,0.0171364
-8.73095,0.5352,0.0170846
-8.60997,0.526518,0.0169298
-8.48899,0.516798,0.0167875
-8.368,0.530749,0.0170085
-8.24702,0.541519,0.0171723
-8.12604,0.571557,0.0176452
-8.00505,0.554239,0.0173937
-7.88407,0.539617,0.0171514
-7.76309,0.56707,0.0175922
-7.6421,0.569041,0.0176027
-7.52112,0.552568,0.017371
-7.40014,0.58386,0.0178319
-7.27915,0.6234,0.0184361
-7.15817,0.611436,0.0182581
-7.03719,0.628218,0.0185021
-6.9162,0.684114,0.0193124
-6.79522,0.640489,0.0186951
-6.67424,0.695438,0.0194846
-6.55326,0.72932,0.0199398
-6.43227,0.673227,0.0191697
-6.31129,0.717303,0.0197558
-6.19031,0.752476,0.020235
-6.06932,0.779199,0.0206232
-5.94834,0.757936,0.0203203
-5.82736,0.845387,0.0214702
-5.70637,0.845669,0.0214532
-5.58539,0.869408,0.0217621
-5.46441,0.917392,0.0223124
-5.34342,0.956112,0.0227879
-5.22244,0.979076,0.0230455
-5.10146,0.994106,0.0232135
-4.98047,1.0755,0.0241254
-4.85949,1.11656,0.0245814
-4.73851,1.19005,0.0253601
-4.61752,1.27659,0.0262544
-4.49654,1.37155,0.0271901
-4.37556,1.45222,0.0279078
-4.25457,1.59208,0.0292067
-4.13359,1.80629,0.0310799
-4.01261,2.06682,0.0332012
-3.89163,2.43322,0.0359895
-3.77064,2.80989,0.0386585
-3.64966,3.36717,0.042267
-3.52868,4.00484,0.0460728
-3.40769,4.86418,0.0507411
-3.28671,5.87927,0.0558144
-3.16573,6.88623,0.0603913
-3.04474,8.35868,0.0665745
-2.92376,10.1976,0.0735544
-2.80278,12.0588,0.079968
-2.68179,14.623,0.0880801
-2.56081,17.3972,0.0961059
-2.43983,21.0588,0.105787
-2.31884,25.4258,0.116309
-2.19786,30.2805,0.126987
-2.07688,36.0368,0.138679
-1.95589,42.5221,0.150832
-1.83491,50.1914,0.164083
-1.71393,58.3987,0.17731
-1.59295,67.3162,0.190686
-1.47196,77.9915,0.205698
-1.35098,89.8721,0.221357
-1.23,102.339,0.236793
-1.10901,114.826,0.251482
-0.988029,127.347,0.265429
-0.867046,137.897,0.276892
-0.746063,146.705,0.286042
-0.62508,153.258,0.292875
-0.504097,156.706,0.296559
-0.383113,157.864,0.297962
-0.26213,155.234,0.295678
-0.141147,149.933,0.290788
-0.0201639,143.105,0.284258
0.100819,134.068,0.275214
0.221802,123.027,0.263792
0.342786,110.698,0.250259
0.463769,97.2274,0.234631
0.584752,83.2562,0.21716
0.705735,69.6516,0.198625
0.826718,56.7666,0.179262
0.947701,45.1913,0.159936
1.06868,35.3857,0.141444
1.18967,27.7743,0.125263
1.31065,21.4767,0.110114
1.43163,16.9251,0.0977241
1.55262,13.4445,0.0870452
1.6736,11.3064,0.0798001
1.79458,9.77092,0.0741823
1.91557,8.80124,0.0704103
2.03655,8.20566,0.0679815
2.15753,7.87128,0.0665872
2.27852,7.76242,0.0661249
2.3995,7.4812,0.0649278
2.52048,7.48111,0.0649309
2.64147,7.41923,0.0646507
2.76245,7.30512,0.0641739
2.88343,6.86154,0.0622205
3.00442,6.4576,0.060446
3.1254,5.89005,0.0577835
3.24638,5.47248,0.0557483
3.36736,5.16934,0.0542342
3.48835,4.95557,0.0531477
3.60933,4.75541,0.0520893
3.73031,4.58058,0.0511509
3.8513,4.45906,0.0504989
3.97228,4.21781,0.0491394
4.09326,4.14166,0.0486991
4.21425,3.95779,0.0476371
4.33523,3.75442,0.0464212
4.45621,3.58565,0.0453893
4.5772,3.36073,0.043973
4.69818,3.19996,0.0429332
4.81916,3.04209,0.0418802
4.94015,2.84664,0.0405448
5.06113,2.68963,0.0394404
5.18211,2.63311,0.0390534
5.3031,2.50101,0.0380733
5.42408,2.29589,0.0365196
5.54506,2.20764,0.0358272
5.66605,2.10411,0.0350006
5.78703,2.03306,0.0344236
5.90801,2.00708,0.0342448
6.02899,1.99416,0.0341385
6.14998,1.91697,0.03349
6.27096,1.87259,0.0331298
6.39194,1.80994,0.032582
6.51293,1.77571,0.0322958
6.63391,1.75758,0.0321516
6.75489,1.68757,0.0315194
6.87588,1.63483,0.0310573
6.99686,1.62457,0.0309634
7.11784,1.58891,0.0306382
7.23883,1.58329,0.0306085
7.35981,1.64984,0.0312689
7.48079,1.55796,0.0303858
7.60178,1.62626,0.0310703
7.72276,1.5788,0.030625
7.84374,1.62357,0.0310693
7.96473,1.62648,0.031123
8.08571,1.65062,0.0313646
8.20669,1.56231,0.0305603
8.32767,1.46161,0.0295866
8.44866,1.42788,0.0292571
8.56964,1.31609,0.0281165
8.69062,1.256,0.0275069
8.81161,1.17923,0.0266724
8.93259,1.12406,0.0260894
9.05357,1.06028,0.0253667
9.17456,1.01077,0.0247955
9.29554,1.00216,0.024706
9.41652,0.94147,0.0239719
9.53751,0.878155,0.0231781
9.65849,0.825879,0.0224926
9.77947,0.760033,0.0215964
9.90046,0.775717,0.0218509
10.0214,0.729528,0.0212031
10.1424,0.695013,0.0207321
10.2634,0.652893,0.0200794
10.3844,0.666757,0.0203256
10.5054,0.609742,0.0194602
10.6264,0.606318,0.0194077
10.7473,0.586921,0.0191224
10.8683,0.593815,0.0192278
10.9893,0.589661,0.0191917
11.1103,0.563753,0.0187782
11.2313,0.560802,0.0187359
11.3523,0.544847,0.0184706
11.4732,0.561045,0.018777
11.5942,0.531103,0.0182836
11.7152,0.531539,0.0182995
11.8362,0.507102,0.0178984
11.9572,0.496287,0.0177131
12.0782,0.480261,0.0174318
12.1991,0.489951,0.0176222
12.3201,0.503524,0.0178827
12.4411,0.522449,0.0182345
12.5621,0.482154,0.0175172
12.6831,0.488344,0.0176439
12.8041,0.461111,0.0171766
12.925,0.453016,0.0170396
13.046,0.497127,0.0178569
13.167,0.471386,0.017398
13.288,0.502036,0.0179603
13.409,0.468228,0.0173771
13.53,0.458584,0.0171975
13.6509,0.467738,0.0173819
13.7719,0.475964,0.0175523
13.8929,0.464009,0.0173531
14.0139,0.455941,0.0171989
14.1349,0.447281,0.0170292
14.2559,0.456704,0.0172251
14.3768,0.421597,0.0165679
14.4978,0.434147,0.0168232
14.6188,0.41794,0.0165082
14.7398,0.426129,0.0166825
14.8608,0.434112,0.0168474
14.9817,0.422966,0.0166351
15.1027,0.400542,0.0162016
15.2237,0.424718,0.0167028
15.3447,0.402733,0.0162491
15.4657,0.404286,0.0162934
15.5867,0.423124,0.0166966
15.7076,0.37712,0.0157811
15.8286,0.371783,0.0156594
15.9496,0.37732,0.0157972
16.0706,0.383231,0.0159341
16.1916,0.412324,0.0165224
16.3126,0.391652,0.0161162
16.4335,0.410709,0.0165358
16.5545,0.385672,0.0160264
16.6755,0.421167,0.0167638
16.7965,0.413087,0.0166062
16.9175,0.406038,0.0164844
17.0385,0.393882,0.0162264
17.1594,0.412378,0.0166302
17.2804,0.412719,0.0166331
17.4014,0.399577,0.0163808
17.5224,0.403848,0.0164952
17.6434,0.422156,0.0168762
17.7644,0.393273,0.0163054
17.8853,0.415437,0.0167749
18.0063,0.389677,0.0162527
18.1273,0.418676,0.0168651
18.2483,0.398427,0.0164631
18.3693,0.369646,0.0158608
18.4903,0.434933,0.0172282
18.6112,0.434845,0.0172305
18.7322,0.408775,0.016682
18.8532,0.4227,0.0170058
18.9742,0.405743,0.0166548
19.0952,0.390852,0.0163532
19.2162,0.397938,0.016526
19.3371,0.417069,0.016922
19.4581,0.404257,0.0166819
19.5791,0.435317,0.0173222
19.7001,0.422457,0.0170392
19.8211,0.428902,0.0172091
19.9421,0.387633,0.0163825
20.063,0.442819,0.0175219
20.184,0.420707,0.0170692
20.305,0.426567,0.0171998
20.426,0.461855,0.0179068
20.547,0.44063,0.0175085
20.668,0.452408,0.0177308
20.7889,0.431182,0.0173197
20.9099,0.452317,0.0177758
21.0309,0.452793,0.0177797
21.1519,0.438435,0.0175162
21.2729,0.464307,0.0180269
21.3939,0.431241,0.0173878
21.5148,0.437537,0.0175146
21.6358,0.466878,0.0181171
21.7568,0.435434,0.0174843
21.8778,0.441053,0.0176385
21.9988,0.493194,0.0186563
22.1198,0.433513,0.0174998
22.2407,0.480806,0.0184442
22.3617,0.452621,0.0178932
22.4827,0.427153,0.0174029
22.6037,0.428614,0.0174415
22.7247,0.477888,0.0184149
22.8457,0.462367,0.0181406
22.9666,0.46576,0.0182029
23.0876,0.44869,0.017867
23.2086,0.491617,0.0187256
23.3296,0.481071,0.018541
23.4506,0.475149,0.0184448
23.5716,0.491246,0.018748
23.6925,0.479547,0.0185396
23.8135,0.499926,0.01894
23.9345,0.461534,0.0182117
24.0555,0.467332,0.0183323
24.1563,0.469598,0.0225272
24.2571,0.487171,0.0096922
24.3784,0.484703,0.00964044
24.5003,0.480277,0.00956079
24.6228,0.507091,0.00979702
24.7459,0.49901,0.00970041
24.8696,0.487589,0.00954811
24.994,0.488926,0.00954825
25.119,0.488788,0.00951638
25.2446,0.50266,0.00963096
25.3708,0.498466,0.00957664
25.4976,0.486686,0.00942693
25.6251,0.492636,0.00946061
25.7533,0.483368,0.00934262
25.882,0.491343,0.00940133
26.0114,0.50246,0.00948062
26.1415,0.488448,0.00933044
26.2722,0.509297,0.00949462
26.4036,0.506334,0.00944892
26.5356,0.505038,0.00940858
26.6682,0.503457,0.00937847
26.8016,0.495038,0.00926773
26.9356,0.512324,0.00940585
27.0703,0.520867,0.00946878
27.2056,0.503714,0.00928898
27.3417,0.513182,0.0093553
27.4784,0.51295,0.0093219
27.6158,0.52126,0.00937882
27.7538,0.508367,0.00923662
27.8926,0.504706,0.00918387
28.0321,0.512716,0.00923552
28.1722,0.518186,0.00926343
28.3131,0.53216,0.00936808
28.4547,0.526257,0.00930093
28.5969,0.524997,0.00926819
28.7399,0.511399,0.00913206
28.8836,0.523315,0.00921472
29.028,0.539921,0.00934057
29.1732,0.524625,0.00918881
29.319,0.513189,0.00906516
29.4656,0.533557,0.00921846
29.613,0.521886,0.00909161
29.761,0.530608,0.00915496
29.9098,0.522653,0.00906336
30.0594,0.533519,0.00913859
30.2097,0.534456,0.00912471
30.3607,0.538836,0.00914473
30.5125,0.538751,0.00912282
30.6651,0.541074,0.00912696
30.8184,0.534631,0.00905637
30.9725,0.524613,0.00895073
31.1274,0.53788,0.0090367
31.283,0.532691,0.00897335
31.4394,0.53491,0.00897944
31.5966,0.546681,0.00905998
31.7546,0.549451,0.0090637
31.9134,0.546584,0.00902025
32.0729,0.548244,0.00901524
32.2333,0.550191,0.00901018
32.3945,0.543006,0.00893596
32.5564,0.553347,0.00900068
32.7192,0.540813,0.00888083
32.8828,0.549613,0.00893151
33.0472,0.554747,0.00895138
33.2125,0.548866,0.00888575
33.3785,0.561328,0.00896954
33.5454,0.574131,0.00904881
33.7132,0.568817,0.00899075
33.8817,0.565883,0.00894805
34.0511,0.570335,0.00896675
34.2214,0.561023,0.00886892
34.3925,0.569877,0.00892534
34.5645,0.558965,0.00881525
34.7373,0.573479,0.0089114
34.911,0.579654,0.00893997
35.0855,0.574291,0.00888238
35.2609,0.599719,0.00905809
35.4373,0.593245,0.00898233
35.6144,0.582156,0.00887778
35.7925,0.588778,0.00891705
35.9715,0.579625,0.00883059
36.1513,0.591966,0.00889696
36.3321,0.581944,0.00880567
36.5137,0.588798,0.00883384
36.6963,0.600427,0.00890181
36.8798,0.599848,0.00888129
37.0642,0.585898,0.00875215
37.2495,0.602128,0.00885427
37.4358,0.602874,0.00883639
37.6229,0.601391,0.00881258
37.8111,0.626393,0.00898005
38.0001,0.615465,0.00888228
38.1901,0.607856,0.00879995
38.3811,0.630618,0.00894501
38.573,0.605605,0.00875002
38.7658,0.601181,0.00869538
38.9597,0.604171,0.00870286
39.1545,0.622766,0.00881291
39.3502,0.615817,0.0087443
39.547,0.640419,0.00890432
39.7447,0.614797,0.00870064
39.9434,0.637693,0.0088443
40.1432,0.619939,0.00870454
40.3439,0.624088,0.0087114
40.5456,0.62582,0.00870403
40.7483,0.634552,0.00874369
40.9521,0.625738,0.00866385
41.1568,0.634488,0.00871057
41.3626,0.644235,0.00875591
41.5694,0.639864,0.0087057
41.7773,0.652389,0.0087747
41.9862,0.634567,0.0086316
42.1961,0.652687,0.00874163
42.4071,0.652556,0.0087186
42.6191,0.642389,0.00863222
42.8322,0.650447,0.00866633
43.0464,0.650709,0.00865535
43.2616,0.652522,0.00864926
43.4779,0.664271,0.00870301
43.6953,0.656702,0.00863771
43.9138,0.662476,0.00865924
44.1333,0.65895,0.00861854
44.354,0.669592,0.00866657
44.5758,0.664384,0.00861449
44.7987,0.645828,0.00847816
45.0226,0.654213,0.00851315
45.2478,0.665503,0.00857003
45.474,0.682603,0.00866355
45.7014,0.651109,0.00844198
45.9299,0.669934,0.00854424
46.1595,0.664624,0.00848876
46.3903,0.683958,0.00859782
46.6223,0.6792,0.00855492
46.8554,0.669519,0.00847299
47.0897,0.665044,0.0084262
47.3251,0.675742,0.00847681
47.5617,0.660873,0.0083695
47.7995,0.672772,0.00842981
48.0385,0.675086,0.00842633
48.2787,0.664342,0.00834208
48.5201,0.678212,0.0084141
48.7627,0.677008,0.00839122
49.0065,0.686502,0.00843231
49.2516,0.698444,0.00848903
49.4978,0.674901,0.00832436
49.7453,0.675362,0.00831579
49.994,0.687271,0.0083729
50.244,0.687496,0.00835833
50.4952,0.696904,0.00839996
50.7477,0.687333,0.00832696
51.0015,0.683503,0.0082893
51.2565,0.69818,0.00836199
51.5127,0.705955,0.00839718
51.7703,0.704676,0.00836967
52.0292,0.706528,0.00836909
52.2893,0.703727,0.00833711
52.5507,0.707519,0.00834465
52.8135,0.701094,0.00829506
53.0776,0.715469,0.0083609
53.343,0.701359,0.00826851
53.6097,0.702384,0.00825914
53.8777,0.711586,0.00829905
54.1471,0.71231,0.00829028
54.4178,0.715226,0.00829098
54.6899,0.725773,0.00833626
54.9634,0.732535,0.00836101
55.2382,0.723736,0.00829736
55.5144,0.714847,0.00823204
55.792,0.724541,0.00827627
56.0709,0.72262,0.00825258
56.3513,0.711797,0.00817558
56.633,0.740428,0.00832672
56.9162,0.729136,0.00825364
57.2008,0.736262,0.00828165
57.4868,0.73582,0.00826294
57.7742,0.745233,0.00830456
58.0631,0.739364,0.00825792
58.3534,0.742214,0.00825908
58.6452,0.754194,0.00831281
58.9384,0.744779,0.00825067
59.2331,0.738311,0.00820009
59.5293,0.740122,0.00819536
59.8269,0.743669,0.00820123
60.126,0.747893,0.00820799
60.4267,0.760192,0.00826426
60.7288,0.753341,0.00821292
61.0324,0.763614,0.00825289
61.3376,0.759042,0.00821915
61.6443,0.772212,0.00827515
61.9525,0.77473,0.00827481
62.2623,0.768381,0.00822737
62.5736,0.761292,0.00817856
62.8865,0.800253,0.00837226
63.2009,0.776883,0.00823452
63.5169,0.79093,0.00829608
63.8345,0.78774,0.00826881
64.1537,0.803952,0.00834089
64.4744,0.80283,0.00832279
64.7968,0.810655,0.00835095
65.1208,0.799938,0.0082825
65.4464,0.826213,0.0084088
65.7736,0.825042,0.0083891
66.1025,0.819365,0.00835024
66.433,0.82534,0.00836833
66.7652,0.836716,0.00841416
67.099,0.857928,0.00850962
67.4345,0.849949,0.00845933
67.7716,0.865719,0.00852767
68.1105,0.867694,0.00852567
68.4511,0.86216,0.00848752
68.7933,0.873441,0.0085323
69.1373,0.889623,0.00860288
69.483,0.905147,0.00866925
69.8304,0.910705,0.00868502
70.1795,0.898301,0.0086117
70.5304,0.917936,0.00869655
70.8831,0.915014,0.00867529
71.2375,0.930013,0.0087361
71.5937,0.934986,0.0087511
71.9517,0.942145,0.00877136
72.3114,0.947183,0.00878445
72.673,0.963106,0.00885157
73.0363,0.978926,0.00891525
73.4015,0.966895,0.00884903
73.7685,0.985804,0.00892586
74.1374,0.985666,0.00891151
74.5081,0.978007,0.00886635
74.8806,0.967194,0.00880084
75.255,0.95994,0.00875644
75.6313,0.958456,0.0087391
76.0094,0.969283,0.00877835
76.3895,0.968105,0.00875811
76.7714,0.960782,0.00871277
77.1553,0.972832,0.00875293
77.5411,0.961937,0.00869216
77.9288,0.969114,0.00871459
78.3184,0.967543,0.00869402
78.71,0.982072,0.00874561
79.1035,0.962535,0.0086437
79.4991,0.980822,0.00871287
79.8966,0.988169,0.00873399
80.296,0.991925,0.00874005
80.6975,0.992471,0.00872789
81.101,0.975549,0.00864161
81.5065,0.984696,0.0086732
81.9141,0.995039,0.00870754
82.3236,1.01056,0.00876419
82.7352,0.980564,0.00861622
83.1489,0.987217,0.00863936
83.5647,0.988986,0.00863548
83.9825,0.988689,0.00862614
84.4024,0.997261,0.0086512
84.8244,0.999319,0.00864973
85.2485,0.99909,0.00863821
85.6748,1.00281,0.00864508
86.1031,1.00818,0.00865837
86.5337,0.987219,0.00855692
86.9663,1.00326,0.00861511
87.4012,0.997985,0.00858303
87.8382,0.995431,0.00856299
88.2774,1.00198,0.00858245
88.7187,1.00194,0.00857016
89.1623,0.985802,0.00848758
89.6082,1.01868,0.00861491
90.0562,1.00449,0.00854224
90.5065,0.999168,0.00851023
90.959,0.990787,0.00846048
91.4138,0.983378,0.00841529
91.8709,0.985477,0.00840994
92.3302,0.991891,0.00842925
92.7919,0.985905,0.00839347
93.2558,0.974799,0.00833134
93.7221,0.98636,0.0083648
94.1907,0.971016,0.00829083
94.6617,0.975824,0.0082975
95.135,0.962868,0.00822977
95.6107,0.969825,0.00825069
96.0887,0.976399,0.00826382
96.5692,0.97564,0.00824896
97.052,0.961554,0.00817941
97.5373,0.955606,0.00814245
98.0249,0.963613,0.00816522
98.5151,0.956364,0.00811983
99.0076,0.958351,0.00811602
99.5027,0.959334,0.00811251
100,0.953656,0.00807718
100.5,0.948298,0.00803999
101.003,0.943146,0.00800908
101.508,0.940445,0.00798387
102.015,0.93919,0.00797133
102.525,0.928124,0.00790817
103.038,0.925917,0.00789214
103.553,0.914553,0.0078332
104.071,0.919046,0.00784024
104.591,0.908073,0.00778655
105.114,0.908288,0.00777941
105.64,0.899949,0.00773491
106.168,0.914373,0.0077863
106.699,0.895251,0.00769399
107.232,0.890459,0.00766375
107.768,0.896467,0.0076834
108.307,0.884143,0.00761769
108.849,0.882389,0.00760058
109.393,0.877072,0.00757154
109.94,0.879872,0.00757735
110.49,0.876208,0.007552
111.042,0.868708,0.0075138
111.597,0.875821,0.00753669
112.155,0.878138,0.00754045
112.716,0.867629,0.00748551
113.28,0.855021,0.00742231
113.846,0.850067,0.0073968
114.415,0.862079,0.00744026
114.987,0.846279,0.00736913
115.562,0.851543,0.00738444
116.14,0.840095,0.00732946
116.721,0.830838,0.00728285
117.305,0.81869,0.00722514
117.891,0.8427,0.00732623
118.481,0.827773,0.00725515
119.073,0.826092,0.00724324
119.668,0.829011,0.00725296
120.267,0.821363,0.00721306
120.868,0.81346,0.00717478
121.472,0.80901,0.00715383
122.08,0.811086,0.00715912
122.69,0.801162,0.00711197
123.304,0.800933,0.00710699
123.92,0.793409,0.00707079
124.54,0.783847,0.00702219
125.162,0.784986,0.00702232
125.788,0.798249,0.00707693
126.417,0.791854,0.00704286
127.049,0.789322,0.00702885
127.684,0.776739,0.00696844
128.323,0.77678,0.00696223
128.964,0.768725,0.00692287
129.609,0.778802,0.00696444
130.257,0.771943,0.00692757
130.909,0.768355,0.00690756
131.563,0.767748,0.00690344
132.221,0.772689,0.00691945
132.882,0.775227,0.00692434
133.546,0.777037,0.00692844
134.214,0.768703,0.00688726
134.885,0.773558,0.00690413
135.56,0.765879,0.00686525
136.238,0.765415,0.0068583
136.919,0.759468,0.00682663
137.603,0.762717,0.00683532
138.291,0.767646,0.00685394
138.983,0.764973,0.0068376
139.678,0.771834,0.00686192
140.376,0.773425,0.0068684
141.078,0.767851,0.00683704
141.783,0.764397,0.00681746
142.492,0.782952,0.00689862
143.205,0.778178,0.0068712
143.921,0.773126,0.00684412
144.64,0.777729,0.00686293
145.364,0.762794,0.00679148
146.09,0.763047,0.00679077
146.821,0.759452,0.00677178
147.555,0.755724,0.0067501
148.293,0.762554,0.00677816
149.034,0.7495,0.00671603
149.779,0.754647,0.00673749
150.528,0.754653,0.00673185
151.281,0.75384,0.00672661
152.037,0.743676,0.0066789
152.797,0.746427,0.00668728
153.561,0.736923,0.00664068
154.329,0.744914,0.00667517
155.101,0.731285,0.0066113
155.876,0.726384,0.00658735
156.656,0.726104,0.00658308
157.439,0.719975,0.00655267
158.226,0.730429,0.0065975
159.017,0.719494,0.00654612
159.812,0.716559,0.00652998
160.612,0.722236,0.00655396
161.415,0.717889,0.00653344
162.222,0.696147,0.00643133
163.033,0.704098,0.00646845
163.848,0.701351,0.00645557
164.667,0.692186,0.00641329
165.491,0.690578,0.00640478
166.318,0.675958,0.00633836
167.15,0.687125,0.00639161
167.985,0.671945,0.00631952
168.825,0.670164,0.00630805
169.669,0.676873,0.00634039
170.518,0.669534,0.00630923
171.37,0.666225,0.00629144
172.227,0.652733,0.00622794
173.088,0.640503,0.00617049
173.954,0.65072,0.00622006
174.823,0.639194,0.00616423
175.698,0.624328,0.00609238
176.576,0.629113,0.00611597
177.459,0.614236,0.00604328
178.346,0.610794,0.00602583
179.238,0.611634,0.00602737
180.134,0.596583,0.0059535
181.035,0.579956,0.00586814
181.94,0.59468,0.00594146
182.85,0.59467,0.00594045
183.764,0.581841,0.00587748
184.683,0.576026,0.00584634
185.606,0.569008,0.00580816
186.534,0.562396,0.00577739
187.467,0.558332,0.00575552
188.404,0.559172,0.00575863
189.346,0.556112,0.00574014
190.293,0.54679,0.00569229
191.244,0.544966,0.00568326
192.201,0.545359,0.00568379
193.162,0.54141,0.00566401
194.128,0.528099,0.00559289
195.098,0.523803,0.00557105
196.074,0.516037,0.00552882
197.054,0.521586,0.00555829
198.039,0.514533,0.0055196
199.029,0.509701,0.0054923
200.025,0.493405,0.0054059
201.025,0.490095,0.00538696
202.03,0.49362,0.0054057
203.04,0.491489,0.00539664
204.055,0.485654,0.00536263
205.075,0.47016,0.0052763
206.101,0.477418,0.0053155
207.131,0.473061,0.0052927
208.167,0.475704,0.00530828
209.208,0.474722,0.00530346
210.254,0.47688,0.0053133
211.305,0.476471,0.00531206
212.362,0.466876,0.00526025
213.424,0.462195,0.00523394
214.491,0.47346,0.00529918
215.563,0.472197,0.00529504
216.641,0.456439,0.00520709
217.724,0.459761,0.005229
218.813,0.454031,0.00519964
219.907,0.454421,0.00520347
221.006,0.460139,0.00523576
222.111,0.461076,0.00524148
223.222,0.455114,0.00521081
224.338,0.457641,0.00522597
225.46,0.464136,0.00526041
226.587,0.456371,0.00521831
227.72,0.450628,0.0051879
228.859,0.44454,0.00515115
230.003,0.437081,0.00510433
231.153,0.438417,0.00511211
232.309,0.455128,0.00520688
233.47,0.448301,0.0051669
234.638,0.445977,0.00515501
235.811,0.436859,0.00509923
236.99,0.44105,0.00512283
238.175,0.453522,0.00519669
239.366,0.44914,0.00517126
240.562,0.45248,0.00519182
241.765,0.444447,0.00514443
242.974,0.446097,0.00515461
244.189,0.437714,0.00511042
245.41,0.436643,0.00510533
246.637,0.441302,0.00513183
247.87,0.428879,0.00505567
249.109,0.430938,0.00506669
250.355,0.428158,0.00505295
251.607,0.420616,0.00501191
252.865,0.423123,0.00502445
254.129,0.414167,0.00497211
255.4,0.403853,0.00491094
256.677,0.405247,0.00492039
257.96,0.405727,0.00492353
259.25,0.395467,0.00486042
260.546,0.403731,0.0049128
261.849,0.408956,0.00494607
263.158,0.395668,0.00486443
264.474,0.393997,0.0048548
265.796,0.395386,0.004862
267.125,0.391041,0.00483866
268.461,0.400449,0.00490072
269.803,0.401652,0.00491178
271.152,0.398716,0.00489068
272.508,0.40409,0.00492674
273.871,0.399285,0.00489897
275.24,0.398708,0.00489586
276.616,0.409105,0.00496453
277.999,0.415601,0.00500641
279.389,0.413462,0.0049973
280.786,0.413234,0.00499713
282.19,0.409678,0.00497706
283.601,0.416745,0.00502349
285.019,0.418601,0.00503945
286.444,0.41595,0.00502493
287.876,0.414134,0.00501621
289.316,0.404814,0.00496541
290.762,0.406745,0.00498266
292.216,0.406245,0.00498172
293.677,0.401973,0.00495893
295.146,0.40008,0.00495108
296.621,0.388867,0.00488785
298.104,0.381931,0.00484743
299.595,0.381983,0.00485449
301.093,0.37323,0.00480139
302.598,0.385491,0.00488255
304.111,0.378433,0.00484347
305.632,0.370948,0.00479967
307.16,0.364555,0.0047617
308.696,0.366795,0.00478433
310.239,0.360958,0.00475078
311.791,0.353041,0.0047025
313.35,0.347304,0.00466879
314.916,0.344469,0.00465506
316.491,0.343719,0.00465746
318.073,0.338537,0.004627
319.664,0.32942,0.00457311
321.262,0.317971,0.00449792
322.868,0.320626,0.0045205
324.483,0.319036,0.0045164
326.105,0.312868,0.00447735
327.736,0.30567,0.00443272
329.374,0.299375,0.00439531
331.021,0.29536,0.00436901
332.676,0.303595,0.0044366
334.34,0.292473,0.00436052
336.011,0.301901,0.004436
337.691,0.294234,0.00438488
339.38,0.283958,0.00431244
341.077,0.280811,0.00429371
342.782,0.277532,0.00427358
344.496,0.28024,0.00429714
346.218,0.272032,0.00424021
347.95,0.275541,0.00427416
349.689,0.27489,0.00427255
351.438,0.2683,0.00423029
353.195,0.272025,0.00426521
354.961,0.278631,0.00431818
356.736,0.264696,0.00421544
358.519,0.279999,0.00434159
360.312,0.269051,0.00426159
362.114,0.275637,0.00432187
363.924,0.268461,0.00427082
365.744,0.269195,0.00428183
367.572,0.269439,0.0042902
369.41,0.260243,0.00422378
371.257,0.262761,0.00424891
373.114,0.258502,0.00422183
374.979,0.266975,0.00429888
376.854,0.264098,0.00427954
378.738,0.26626,0.00430617
380.632,0.260764,0.00427076
382.535,0.255886,0.00423268
384.448,0.258575,0.00426049
386.37,0.264189,0.00431764
388.302,0.263788,0.00431738
390.244,0.255818,0.00425868
392.195,0.256244,0.00426756
394.156,0.25841,0.00429359
396.127,0.258255,0.00429965
398.107,0.259342,0.00431758
400.098,0.258316,0.00431392
402.098,0.260858,0.00434403
404.109,0.252674,0.00428275
406.129,0.25541,0.0043153
408.16,0.260287,0.00436552
410.201,0.254921,0.00432651
412.252,0.257526,0.0043595
414.313,0.259482,0.00438296
416.384,0.258691,0.00438531
418.466,0.25911,0.0043942
420.559,0.254309,0.00436535
422.662,0.251405,0.00434873
424.775,0.254938,0.00438636
426.899,0.258742,0.0044295
429.033,0.25082,0.00436568
431.178,0.253842,0.00440461
433.334,0.247174,0.00435572
435.501,0.25159,0.00439891
437.678,0.253961,0.00442858
439.867,0.250015,0.00440554
442.066,0.24524,0.00437321
444.276,0.243443,0.00436654
446.498,0.236813,0.0043132
448.73,0.242237,0.00437048
450.974,0.236645,0.00432735
453.229,0.235418,0.00432388
455.495,0.232481,0.00430907
457.773,0.230918,0.00430191
460.061,0.227126,0.00427824
462.362,0.234641,0.004357
464.673,0.221698,0.00424326
466.997,0.220635,0.00424442
469.332,0.221645,0.00426274
471.679,0.216301,0.00422194
474.037,0.214821,0.00421779
476.407,0.205873,0.00414048
478.789,0.19772,0.00406272
481.183,0.207764,0.00417667
483.589,0.202176,0.00412729
486.007,0.203768,0.00415631
488.437,0.199191,0.00411669
490.879,0.203258,0.00417007
493.334,0.205017,0.00419665
495.8,0.19333,0.00408487
498.279,0.186778,0.00402295
500.771,0.190181,0.00406923
503.274,0.189041,0.00406757
505.791,0.188179,0.00406864
508.32,0.187536,0.00406786
510.861,0.181838,0.00401592
513.416,0.191395,0.00413239
515.983,0.192429,0.00415154
518.563,0.18321,0.00406365
521.155,0.1774,0.00400978
523.761,0.193271,0.00419283
526.38,0.193079,0.00420262
529.012,0.193593,0.00421901
531.657,0.195364,0.00425179
534.315,0.193617,0.00424106
536.987,0.191378,0.00422911
539.672,0.193686,0.00426547
542.37,0.19758,0.00432079
545.082,0.194428,0.0043013
547.807,0.202576,0.00440043
550.546,0.197055,0.00434731
553.299,0.199169,0.00438376
556.066,0.194668,0.00434641
558.846,0.194769,0.00436104
561.64,0.195077,0.0043762
564.448,0.203656,0.00447915
567.271,0.207318,0.0045341
570.107,0.196971,0.0044308
572.958,0.200911,0.0044896
575.822,0.204244,0.00454181
578.702,0.202082,0.00452936
581.595,0.20445,0.00456679
584.503,0.211343,0.00465066
587.426,0.206757,0.00461709
590.363,0.207305,0.00463842
593.314,0.213416,0.00471858
596.281,0.210053,0.00469514
599.262,0.204485,0.00464481
602.259,0.203077,0.00464482
605.27,0.206108,0.00469201
608.296,0.210292,0.0047524
611.338,0.200153,0.00465456
614.395,0.21238,0.00480833
617.467,0.203208,0.00471523
620.554,0.2068,0.00477795
623.657,0.209651,0.00482146
626.775,0.210063,0.00484199
629.909,0.216587,0.00493086
633.058,0.211592,0.00488427
636.224,0.215662,0.0049445
639.405,0.216947,0.00497463
642.602,0.219357,0.00502225
645.815,0.221283,0.00506543
649.044,0.215823,0.00501606
652.289,0.221753,0.00509854
655.551,0.223117,0.00512961
658.828,0.232121,0.00525121
662.122,0.222863,0.00516012
665.433,0.227295,0.00522598
668.76,0.225884,0.00522917
672.104,0.229637,0.00528881
675.464,0.226594,0.00526795
678.842,0.227723,0.00529958
682.236,0.220332,0.00523482
685.647,0.217391,0.00521316
689.075,0.224941,0.0053202
692.521,0.226346,0.00535234
695.983,0.22623,0.00537556
699.463,0.220948,0.0053261
702.961,0.217851,0.00530302
706.475,0.223559,0.00538604
710.008,0.224529,0.00541756
713.558,0.227334,0.00547407
717.126,0.229143,0.00551318
720.711,0.225767,0.00548462
724.315,0.223418,0.00547485
727.936,0.229542,0.00557523
731.576,0.222254,0.00550438
735.234,0.215646,0.00544113
738.91,0.217424,0.00547603
742.605,0.221601,0.0055448
746.318,0.213776,0.00547131
750.049,0.223233,0.00561193
753.8,0.216771,0.00554672
757.569,0.209545,0.00546489
761.356,0.21386,0.00554046
765.163,0.217429,0.00560761
768.989,0.216362,0.0056111
772.834,0.218168,0.00565173
776.698,0.219465,0.00569471
780.582,0.2233,0.00576166
784.485,0.224825,0.00579956
788.407,0.220306,0.00576046
792.349,0.23313,0.0059457
796.311,0.230497,0.00593256
800.292,0.225861,0.00589283
804.294,0.22284,0.005872
808.315,0.222632,0.00588737
812.357,0.214557,0.00580278
816.419,0.212585,0.00579347
820.501,0.215153,0.00584748
824.603,0.208474,0.00577973
828.726,0.216556,0.00590881
832.87,0.207306,0.00580698
837.034,0.209212,0.00584575
841.219,0.206788,0.00583994
845.425,0.199603,0.00576157
849.653,0.188743,0.00562008
853.901,0.201833,0.00582303
858.17,0.199122,0.00581018
862.461,0.20095,0.00585734
866.773,0.188815,0.00570394
871.107,0.193233,0.00579153
875.463,0.199633,0.00590425
879.84,0.190489,0.00577879
884.239,0.184162,0.00570805
888.661,0.185109,0.00573602
893.104,0.191138,0.005852
897.569,0.192516,0.00590534
902.057,0.185706,0.0058183
906.568,0.177573,0.00571544
911.1,0.181102,0.0057752
915.656,0.187547,0.00590808
920.234,0.173246,0.00570887
924.835,0.171556,0.00569712
929.46,0.176579,0.00580125
934.107,0.169606,0.00571264
938.777,0.162233,0.00559678
943.471,0.160581,0.00558953
948.189,0.16524,0.0057015
952.93,0.169126,0.0057884
957.694,0.164787,0.00573187
962.483,0.170013,0.00584084
967.295,0.170254,0.00586705
972.132,0.164316,0.00578993
976.992,0.169745,0.00589797
981.877,0.17258,0.0059844
986.787,0.158409,0.00575063
991.72,0.158939,0.00577742
996.679,0.163053,0.00587872
1001.66,0.168594,0.00600071
1006.67,0.163899,0.005941
1011.7,0.17359,0.00614444
1016.76,0.174712,0.00617624
1021.85,0.182793,0.00634785
1026.96,0.187933,0.00645851
1032.09,0.179053,0.00632438
1037.25,0.167464,0.00613669
1042.44,0.176217,0.00632583
1047.65,0.179734,0.00640735
1052.89,0.180903,0.00646112
1058.15,0.189533,0.00662903
1063.44,0.203028,0.00689669
1068.76,0.210365,0.00704758
1074.1,0.234054,0.00746132
1079.47,0.253117,0.00778527
1084.87,0.2521,0.00779726
1090.3,0.270495,0.00811629
1095.75,0.266779,0.00809194
1101.23,0.278755,0.00828548
1106.73,0.298022,0.00860823
1112.27,0.292598,0.00856835
1117.83,0.294175,0.00861496
1123.42,0.294696,0.00865228
1129.03,0.27375,0.00837939
1134.68,0.266517,0.00829838
1140.35,0.271035,0.00841127
1146.05,0.286429,0.00868426
1151.78,0.320099,0.00922524
1157.54,0.363941,0.00988623
1163.33,0.364881,0.00989695
1169.15,0.320702,0.00931167
1174.99,0.282222,0.00877427
1180.87,0.284023,0.00885055
1186.77,0.288802,0.00895881
1192.71,0.293739,0.00907586
1198.67,0.291111,0.00906667
1204.66,0.285602,0.00901344
1210.69,0.290526,0.0091392
1216.74,0.295067,0.00924504
1222.82,0.295865,0.00928893
1228.94,0.298914,0.00937314
1235.08,0.299669,0.00943334
1241.26,0.285275,0.00922759
1247.46,0.281092,0.00920844
1253.7,0.280136,0.00923223
1259.97,0.271579,0.0091231
1266.27,0.265899,0.00906495
1272.6,0.261317,0.00903503
1278.96,0.277846,0.00936135
1285.36,0.277741,0.00939392
1291.79,0.270638,0.00930008
1298.24,0.274633,0.00940304
1304.74,0.27001,0.00935955
1311.26,0.269153,0.00939156
1317.82,0.26223,0.00930594
1324.41,0.266151,0.00941695
1331.03,0.276915,0.00965962
1337.68,0.267718,0.0095269
1344.37,0.268791,0.00959498
1351.09,0.266405,0.00958144
1357.85,0.274008,0.00975567
1364.64,0.278143,0.00987991
1371.46,0.299017,0.0102645
1378.32,0.292087,0.0101947
1385.21,0.284121,0.0101017
1392.14,0.297536,0.0103829
1399.1,0.313392,0.0106936
1406.09,0.312904,0.0107194
1413.12,0.308767,0.0106909
1420.19,0.319463,0.0109053
1427.29,0.317267,0.0109283
1434.43,0.348303,0.0114927
1441.6,0.380998,0.0120744
1448.81,0.425129,0.0128073
1456.05,0.406029,0.0125414
1463.33,0.388598,0.0123227
1470.65,0.377164,0.0122017
1478,0.382757,0.0123146
1485.39,0.359609,0.0120026
1492.82,0.356605,0.0120221
1500.28,0.349838,0.0119432
1507.78,0.355042,0.0120622
1515.32,0.352763,0.0120799
1522.9,0.333163,0.0117812
1530.51,0.337826,0.0119092
1538.16,0.345756,0.0121105
1545.86,0.363869,0.0124674
1553.58,0.34646,0.0122067
1561.35,0.345386,0.0122418
1569.16,0.349345,0.0123668
1577,0.364388,0.0126831
1584.89,0.366508,0.0127671
1592.81,0.367228,0.0128228
1600.78,0.340249,0.012415
1608.78,0.350255,0.0126321
1616.83,0.352361,0.0126924
1624.91,0.35858,0.0128692
1633.03,0.343142,0.012631
1641.2,0.344639,0.0127294
1649.41,0.338808,0.0126605
1657.65,0.356872,0.0130322
1665.94,0.349135,0.0129343
1674.27,0.358077,0.0131277
1682.64,0.332457,0.0127061
1691.06,0.322071,0.0125716
1699.51,0.330663,0.0127978
1708.01,0.333853,0.0129253
1716.55,0.330586,0.0128662
1725.13,0.322186,0.0127211
1733.76,0.323223,0.0128131
1742.43,0.301934,0.0124191
1751.14,0.313006,0.0127094
1759.89,0.338577,0.0132551
1768.69,0.32222,0.0129903
1777.54,0.325155,0.0130908
1786.42,0.310673,0.0128573
1795.36,0.302121,0.0127295
1804.33,0.286401,0.0124241
1813.35,0.294506,0.012639
1822.42,0.305233,0.0128931
1831.53,0.317036,0.0132055
1840.69,0.305724,0.0129915
1849.89,0.313595,0.013218
1859.14,0.294665,0.0128523
1868.44,0.295568,0.0129345
1877.78,0.294259,0.012939
1887.17,0.298831,0.0131061
1896.61,0.302171,0.0132361
1906.09,0.287139,0.0129447
1915.62,0.280375,0.0128364
1925.2,0.301641,0.0133371
1934.82,0.277462,0.0128449
1944.5,0.283488,0.0130059
1954.22,0.277831,0.0129423
1963.99,0.273779,0.0129023
1973.81,0.273584,0.012905
1983.68,0.272616,0.0129261
1993.6,0.277582,0.0131037
2003.57,0.268914,0.0129288
2013.59,0.257018,0.0126974
2023.65,0.263585,0.0128836
2033.77,0.251961,0.0126119
2043.94,0.265653,0.0130305
2054.16,0.250738,0.0126932
2064.43,0.258091,0.0128997
2074.75,0.242758,0.0125728
2085.13,0.251329,0.0128367
2095.55,0.271035,0.0133647
2106.03,0.260949,0.0131498
2116.56,0.241548,0.0127112
2127.14,0.246114,0.0128743
2137.78,0.247955,0.0129666
2148.47,0.249222,0.013059
2159.21,0.258333,0.0133222
2170.01,0.258492,0.0133817
2180.86,0.239199,0.0129147
2191.76,0.260212,0.0135169
2202.72,0.248635,0.0132498
2213.73,0.256084,0.0134702
2224.8,0.244168,0.0131907
2235.93,0.252354,0.0134685
2247.11,0.248965,0.0134381
2258.34,0.246439,0.0133659
2269.63,0.240305,0.0132482
2280.98,0.238917,0.0132776
2292.39,0.238997,0.0133231
2303.85,0.251918,0.0137234
2315.37,0.236613,0.0133337
2326.94,0.239308,0.0134207
2338.58,0.21614,0.0127939
2350.27,0.220566,0.0129774
2362.02,0.227619,0.0132425
2373.83,0.251595,0.0139372
2385.7,0.242866,0.0137181
2397.63,0.228344,0.0133811
2409.62,0.232587,0.0135359
2421.67,0.240007,0.0137896
2433.77,0.225733,0.0134611
2445.94,0.230891,0.0136313
2458.17,0.234446,0.0137626
2470.46,0.220016,0.0133484
2482.82,0.236083,0.0138919
2495.23,0.225008,0.0135782
2507.71,0.216145,0.0133495
2520.25,0.225505,0.0136824
2532.85,0.219363,0.0135352
2545.51,0.224397,0.0137238
2558.24,0.209622,0.013271
2571.03,0.235419,0.0141544
2583.88,0.227125,0.0139414
2596.8,0.210992,0.0134926
2609.79,0.220948,0.0137935
2622.84,0.220709,0.0138194
2635.95,0.219216,0.0138728
2649.13,0.20519,0.0134374
2662.38,0.220933,0.0139612
2675.69,0.230173,0.0142735
2689.07,0.239002,0.0146115
2702.51,0.240379,0.0146891
2716.02,0.231477,0.0144982
2729.61,0.20722,0.0137372
2743.25,0.208013,0.0138174
2756.97,0.225957,0.0144289
2770.75,0.241785,0.0149959
2784.61,0.225967,0.0145301
2798.53,0.229143,0.0146355
2812.52,0.230524,0.0147105
2826.59,0.238813,0.0150101
2840.72,0.242543,0.0151972
2854.92,0.253935,0.0155957
2869.2,0.256486,0.0157123
2883.54,0.242096,0.0152932
2897.96,0.254563,0.0157483
2912.45,0.278109,0.0164991
2927.01,0.280072,0.0165979
2941.65,0.274754,0.0164518
2956.36,0.285248,0.0168244
2971.14,0.279432,0.0166767
2985.99,0.277439,0.016659
3000.92,0.285961,0.0169843
3015.93,0.280432,0.0168808
3031.01,0.271672,0.0166408
3046.16,0.280126,0.0169453
3061.39,0.296555,0.0175152
3076.7,0.300536,0.0176528
3092.08,0.276949,0.016982
3107.54,0.285952,0.0173058
3123.08,0.28452,0.0173164
3138.7,0.263417,0.0167431
3154.39,0.28224,0.0173581
3170.16,0.280394,0.0173967
3186.01,0.279834,0.0173755
3201.94,0.288077,0.017704
3217.95,0.32829,0.0189843
3234.04,0.302507,0.0182874
3250.21,0.290932,0.0180096
3266.47,0.281633,0.0177368
3282.8,0.273867,0.0175279
3299.21,0.296598,0.0183066
3315.71,0.307853,0.0187198
3332.29,0.262558,0.0173137
3348.95,0.308501,0.0188274
3365.69,0.308311,0.0188828
3382.52,0.265333,0.0176058
3399.43,0.270333,0.0177657
3416.43,0.272308,0.0178456
3433.51,0.292858,0.0185479
3450.68,0.302853,0.0189483
3467.93,0.297912,0.0188244
3485.27,0.28113,0.0183427
3502.7,0.263436,0.0178649
3520.21,0.255648,0.0176483
3537.81,0.269402,0.018137
3555.5,0.27114,0.0182714
3573.28,0.272672,0.0184082
3591.15,0.259882,0.0179943
3609.1,0.251908,0.0177574
3627.15,0.256492,0.0180041
3645.28,0.23752,0.0173737
3663.51,0.252305,0.0180043
3681.83,0.278317,0.0189056
3700.24,0.251692,0.0180581
3718.74,0.258859,0.018395
3737.33,0.241488,0.017809
3756.02,0.255123,0.0183849
3774.8,0.277934,0.0192913
3793.67,0.258748,0.0186072
3812.64,0.249338,0.0183415
3831.7,0.257873,0.0186982
3850.86,0.257968,0.0187377
3870.12,0.233604,0.0178911
3889.47,0.251918,0.0186704
3908.92,0.243416,0.0183973
3928.46,0.227272,0.0178405
3948.1,0.229765,0.0179879
3967.84,0.252688,0.0189436
3987.68,0.248048,0.0188241
4007.62,0.2452,0.0187644
4027.66,0.242395,0.0187056
4047.8,0.258451,0.0193733
4068.04,0.260584,0.0195378
4088.38,0.249644,0.0191145
4108.82,0.212178,0.0176268
4129.36,0.24758,0.0191651
4150.01,0.250662,0.0192869
4170.76,0.270626,0.0201238
4191.61,0.254305,0.0195257
4212.57,0.265424,0.0200496
4233.63,0.248683,0.0194437
4254.8,0.272715,0.0204571
4276.08,0.24833,0.0195521
4297.46,0.234992,0.01906
4318.94,0.253929,0.019767
4340.54,0.258641,0.0200226
4362.24,0.266838,0.0205009
4384.05,0.262038,0.020326
4405.97,0.239495,0.019565
4428,0.250058,0.0200489
4450.14,0.241433,0.019772
4472.39,0.246329,0.0199975
4494.75,0.246911,0.0200757
4517.23,0.23204,0.0195861
4539.81,0.235389,0.0197844
4562.51,0.251271,0.0204889
4585.33,0.260447,0.0208931
4608.25,0.237963,0.0199881
4631.29,0.241838,0.0202145
4654.45,0.241145,0.0202165
4677.72,0.232405,0.0198852
4701.11,0.213998,0.0191508
4724.62,0.260961,0.0211618
4748.24,0.2245,0.0197441
4771.98,0.234257,0.020341
4795.84,0.260469,0.0214433
4819.82,0.255313,0.0212346
4843.92,0.232296,0.0202665
4868.14,0.230155,0.020225
4892.48,0.239956,0.0207779
4916.94,0.253122,0.0213808
4941.53,0.258462,0.0216123
4966.23,0.25177,0.0214172
4991.07,0.264658,0.0219593
5016.02,0.227924,0.0203954
5041.1,0.242252,0.0210373
5066.31,0.250042,0.0215037
5091.64,0.256965,0.0219395
5117.1,0.252779,0.021816
5142.68,0.239618,0.0212755
5168.4,0.232197,0.0210002
5194.24,0.233055,0.0210544
5220.21,0.218567,0.0204325
5246.31,0.224567,0.0207802
5272.54,0.240247,0.0216125
5298.9,0.258546,0.0224191
5325.4,0.241744,0.0217284
5352.03,0.233915,0.0214603
5378.79,0.235509,0.021556
5405.68,0.240763,0.0218483
5432.71,0.257374,0.0225955
5459.87,0.24166,0.0220353
5487.17,0.249304,0.0223317
5514.61,0.252542,0.022472
5542.18,0.2331,0.0217513
5569.89,0.225482,0.0215004
5597.74,0.228079,0.0215785
5625.73,0.239388,0.0221325
5653.86,0.269556,0.0235662
5682.13,0.257015,0.0230734
5710.54,0.25063,0.0228087
5739.09,0.239546,0.0223692
5767.79,0.235247,0.0222164
5796.62,0.25163,0.0230057
5825.61,0.252234,0.0231148
5854.74,0.22732,0.022107
5884.01,0.231828,0.02239
5913.43,0.242272,0.0229174
5943,0.249541,0.0232861
5972.71,0.270157,0.0242399
6002.57,0.228823,0.0223093
6032.59,0.231579,0.0225454
6062.75,0.248955,0.0234549
6093.06,0.249257,0.0234988
6123.53,0.241785,0.0231837
6154.15,0.254808,0.0238927
6184.92,0.252974,0.0238758
6215.84,0.259302,0.024176
6246.92,0.258242,0.0241811
6278.16,0.261858,0.024455
6309.55,0.28291,0.0255355
6341.09,0.249586,0.0241045
6372.8,0.257976,0.0244819
6404.66,0.267564,0.024968
6436.69,0.263996,0.024876
6468.87,0.234663,0.0234982
6501.22,0.249358,0.0242734
6533.72,0.258752,0.0248219
6566.39,0.257537,0.0248207
6599.22,0.249134,0.0244185
6632.22,0.239421,0.0239213
6665.38,0.238923,0.0239475
6698.71,0.232231,0.0237805
6732.2,0.243954,0.0244627
6765.86,0.25997,0.0252016
6799.69,0.277799,0.0260203
6833.69,0.248637,0.0247754
6867.86,0.257832,0.0252336
6902.2,0.263793,0.0255324
6936.71,0.250887,0.0250262
6971.39,0.248064,0.0249453
7006.25,0.253498,0.0252603
7041.28,0.2599,0.0256386
7076.49,0.276941,0.0265146
7111.87,0.241164,0.0249271
7147.43,0.232179,0.0245074
7183.16,0.245003,0.0251743
7219.08,0.287027,0.0273174
7255.18,0.262294,0.0261359
7291.45,0.233974,0.024777
7327.91,0.231694,0.0247101
7364.55,0.247757,0.0256118
7401.37,0.245649,0.025541
7438.38,0.265249,0.0266085
7475.57,0.275822,0.0272142
7512.95,0.256346,0.0262882
7550.51,0.225169,0.0246972
7588.26,0.229849,0.0250056
7626.21,0.252423,0.026238
7664.34,0.27004,0.0270901
7702.66,0.257134,0.0265245
7741.17,0.245548,0.0260186
7779.88,0.240365,0.0258452
7818.78,0.241057,0.0259104
7857.87,0.248796,0.0263141
7897.16,0.252937,0.0265493
7936.65,0.253367,0.0266654
7976.33,0.263148,0.0272913
8016.21,0.250651,0.026679
8050.87,0.236876,0.0303675
