# X , Y , E Distribution=true

-20.1034,0.00981845,0.00144517
-19.9824,0.00708181,0.00122293
-19.8614,0.0178563,0.00196187
-19.7404,0.0180028,0.00196052
-19.6194,0.0130626,0.00167505
-19.4985,0.0127154,0.00164743
-19.3775,0.0128692,0.00165749
-19.2565,0.0259913,0.00236318
-19.1355,0.0123787,0.00163038
-19.0145,0.0112644,0.0015526
-18.8935,0.0166115,0.00189061
-18.7726,0.0121654,0.00160982
-18.6516,0.0121542,0.00161453
-18.5306,0.015507,0.00182887
-18.4096,0.013474,0.00170806
-18.2886,0.0140789,0.0017471
-18.1676,0.0186665,0.00200828
-18.0467,0.0205592,0.00210515
-17.9257,0.0211855,0.00214676
-17.8047,0.0205037,0.00211258
-17.6837,0.0177792,0.00196729
-17.5627,0.0150838,0.0018172
-17.4417,0.0198056,0.00208213
-17.3208,0.0166334,0.00190789
-17.1998,0.0184547,0.00201725
-17.0788,0.0156088,0.00185081
-16.9578,0.019821,0.0020798
-16.8368,0.0172802,0.00195492
-16.7158,0.0241355,0.00232843
-16.5949,0.0264399,0.00242875
-16.4739,0.0266063,0.00243721
-16.3529,0.0308479,0.00262667
-16.2319,0.0276406,0.00249274
-16.1109,0.0313711,0.00264252
-15.9899,0.0305492,0.00262901
-15.869,0.0358406,0.00284552
-15.748,0.0589299,0.00370211
-15.627,0.0848312,0.004443
-15.506,0.0831526,0.00440957
-15.385,0.0665726,0.003934
-15.264,0.0859351,0.00447902
-15.1431,0.0918558,0.00463045
-15.0221,0.105062,0.00496599
-14.9011,0.100689,0.0048486
-14.7801,0.10589,0.00497901
-14.6591,0.128322,0.0054857
-14.5381,0.111516,0.00511032
-14.4172,0.119769,0.00530814
-14.2962,0.119321,0.00530019
-14.1752,0.125956,0.00544572
-14.0542,0.139033,0.00572947
-13.9332,0.141753,0.00577729
-13.8122,0.142175,0.00579769
-13.6913,0.175445,0.00645129
-13.5703,0.186876,0.00667032
-13.4493,0.174736,0.0064394
-13.3283,0.193905,0.00678313
-13.2073,0.189581,0.00671142
-13.0863,0.194508,0.00679326
-12.9654,0.211202,0.00708158
-12.8444,0.212659,0.00710809
-12.7234,0.223071,0.00728203
-12.6024,0.227856,0.00735636
-12.4814,0.237695,0.00752243
-12.3604,0.227318,0.00734917
-12.2395,0.258024,0.00782894
-12.1185,0.240861,0.007575
-11.9975,0.267345,0.00798129
-11.8765,0.275204,0.00809228
-11.7555,0.275649,0.00810525
-11.6345,0.27415,0.00807603
-11.5136,0.308575,0.00856789
-11.3926,0.292039,0.00834182
-11.2716,0.2925,0.00834736
-11.1506,0.292654,0.00834934
-11.0296,0.299399,0.00844381
-10.9086,0.331245,0.0088816
-10.7877,0.324798,0.00879576
-10.6667,0.331279,0.00888789
-10.5457,0.331051,0.00888932
-10.4247,0.345304,0.00907589
-10.3037,0.346487,0.00909559
-10.1828,0.370765,0.00940722
-10.0618,0.386679,0.0096068
-9.94078,0.376751,0.00948818
-9.8198,0.390265,0.00966174
-9.69882,0.395403,0.00972681
-9.57783,0.392276,0.00968786
-9.45685,0.410014,0.0099064
-9.33587,0.387915,0.00963863
-9.21488,0.418034,0.0100125
-9.0939,0.415498,0.00998514
-8.97292,0.42167,0.010059
-8.85194,0.414087,0.00996755
-8.73095,0.408476,0.00989161
-8.60997,0.403477,0.00982935
-8.48899,0.414049,0.00995799
-8.368,0.419786,0.0100337
-8.24702,0.429246,0.0101359
-8.12604,0.418848,0.0100063
-8.00505,0.399782,0.0097842
-7.88407,0.424248,0.0100769
-7.76309,0.430308,0.0101406
-7.6421,0.421793,0.0100392
-7.52112,0.43061,0.0101516
-7.40014,0.441318,0.0102811
-7.27915,0.435654,0.0102122
-7.15817,0.437804,0.0102333
-7.03719,0.464312,0.0105372
-6.9162,0.498754,0.0109202
-6.79522,0.484281,0.0107572
-6.67424,0.493276,0.0108661
-6.55326,0.534885,0.0113224
-6.43227,0.546492,0.0114432
-6.31129,0.535995,0.0113114
-6.19031,0.545655,0.0114152
-6.06932,0.548629,0.0114486
-5.94834,0.60117,0.0119894
-5.82736,0.606572,0.012033
-5.70637,0.645093,0.0124038
-5.58539,0.624893,0.0122147
-5.46441,0.637466,0.0123206
-5.34342,0.696724,0.0128877
-5.22244,0.719147,0.0130902
-5.10146,0.737396,0.0132405
-4.98047,0.769466,0.0135234
-4.85949,0.828783,0.0140293
-4.73851,0.870911,0.0143627
-4.61752,0.886243,0.0144881
-4.49654,0.968667,0.0151342
-4.37556,1.05717,0.0157969
-4.25457,1.1216,0.0162529
-4.13359,1.26465,0.0172376
-4.01261,1.40366,0.018147
-3.89163,1.63902,0.0195835
-3.77064,1.97177,0.021474
-3.64966,2.36343,0.0235011
-3.52868,2.7975,0.0255403
-3.40769,3.43445,0.0282885
-3.28671,4.14019,0.0310659
-3.16573,5.12034,0.0345416
-3.04474,6.18414,0.0379657
-2.92376,7.51235,0.0418407
-2.80278,9.03893,0.0458786
-2.68179,10.8858,0.0503519
-2.56081,13.2365,0.0555196
-2.43983,15.8733,0.0608078
-2.31884,19.0111,0.0665839
-2.19786,22.7629,0.0728849
-2.07688,26.992,0.0794569
-1.95589,31.6703,0.0861497
-1.83491,37.3273,0.0936639
-1.71393,43.5017,0.101267
-1.59295,50.457,0.109253
-1.47196,58.0356,0.117399
-1.35098,66.3808,0.125837
-1.23,75.3426,0.13437
-1.10901,84.8824,0.142984
-0.988029,94.1461,0.150921
-0.867046,102.699,0.157972
-0.746063,109.989,0.163831
-0.62508,114.944,0.167765
-0.504097,117.724,0.170011
-0.383113,117.923,0.170341
-0.26213,115.595,0.168742
-0.141147,111.346,0.16568
-0.0201639,105.083,0.161003
0.100819,98.3854,0.155836
0.221802,89.6573,0.148824
0.342786,80.2864,0.140887
0.463769,70.1962,0.131788
0.584752,60.0939,0.121937
0.705735,49.9111,0.111127
0.826718,41.0496,0.100791
0.947701,33.0711,0.0904375
1.06868,26.5111,0.080971
1.18967,20.7923,0.071683
1.31065,16.8052,0.0644176
1.43163,13.5232,0.0577598
1.55262,11.2472,0.0526663
1.6736,9.61185,0.0486722
1.79458,8.48989,0.045747
1.91557,7.70285,0.0435756
2.03655,7.257,0.0423021
2.15753,6.77024,0.0408512
2.27852,6.5878,0.0403197
2.3995,6.46991,0.0399581
2.52048,6.24698,0.0392845
2.64147,6.0286,0.0386012
2.76245,5.79717,0.0378801
2.88343,5.41206,0.0366302
3.00442,5.08542,0.0355442
3.1254,4.95909,0.0351227
3.24638,4.7446,0.0343784
3.36736,4.59984,0.0338714
3.48835,4.43601,0.0332767
3.60933,4.33409,0.0329072
3.73031,4.12499,0.032126
3.8513,3.97739,0.0315607
3.97228,3.87446,0.0311619
4.09326,3.71984,0.0305504
4.21425,3.56197,0.0299089
4.33523,3.39358,0.029209
4.45621,3.2374,0.0285448
4.5772,3.09375,0.0279221
4.69818,2.96179,0.0273288
4.81916,2.76162,0.0264095
4.94015,2.69942,0.0261324
5.06113,2.48637,0.0250927
5.18211,2.37712,0.0245523
5.3031,2.25454,0.0239264
5.42408,2.09427,0.0230714
5.54506,1.99694,0.0225496
5.66605,1.9014,0.0220222
5.78703,1.80362,0.0214612
5.90801,1.74916,0.0211492
6.02899,1.76716,0.021271
6.14998,1.71639,0.0209752
6.27096,1.65557,0.0206123
6.39194,1.65045,0.0205863
6.51293,1.57782,0.0201498
6.63391,1.52301,0.0198088
6.75489,1.51835,0.0197937
6.87588,1.46835,0.0194847
6.99686,1.46605,0.0194737
7.11784,1.49268,0.0196625
7.23883,1.50959,0.0197828
7.35981,1.48071,0.0196011
7.48079,1.4583,0.0194649
7.60178,1.4523,0.0194341
7.72276,1.47799,0.0196091
7.84374,1.50361,0.0198001
7.96473,1.43144,0.0193262
8.08571,1.45583,0.019503
8.20669,1.43029,0.0193497
8.32767,1.34939,0.0188123
8.44866,1.29514,0.0184443
8.56964,1.18475,0.0176572
8.69062,1.09302,0.016983
8.81161,1.02612,0.0164732
8.93259,0.951739,0.0158792
9.05357,0.921462,0.0156444
9.17456,0.880807,0.0153152
9.29554,0.822697,0.014818
9.41652,0.786871,0.0145098
9.53751,0.751398,0.0141964
9.65849,0.726959,0.0139781
9.77947,0.690888,0.0136446
9.90046,0.666823,0.0134189
10.0214,0.596235,0.0127015
10.1424,0.567569,0.0123999
10.2634,0.55436,0.0122627
10.3844,0.544931,0.0121671
10.5054,0.503265,0.0117037
10.6264,0.484024,0.0114878
10.7473,0.477872,0.0114163
10.8683,0.482461,0.0114838
10.9893,0.451014,0.0111156
11.1103,0.456791,0.0111902
11.2313,0.459711,0.0112329
11.3523,0.438877,0.0109881
11.4732,0.427031,0.010845
11.5942,0.419556,0.0107632
11.7152,0.406036,0.0106021
11.8362,0.416222,0.0107327
11.9572,0.403168,0.0105748
12.0782,0.401762,0.0105649
12.1991,0.381202,0.010301
12.3201,0.376385,0.0102452
12.4411,0.382641,0.0103363
12.5621,0.376132,0.0102569
12.6831,0.369209,0.0101749
12.8041,0.376332,0.010278
12.925,0.383916,0.0103933
13.046,0.364782,0.0101351
13.167,0.346725,0.00988781
13.288,0.348573,0.00992439
13.409,0.350671,0.0099574
13.53,0.333948,0.00972679
13.6509,0.341329,0.00983892
13.7719,0.339618,0.00981746
13.8929,0.332182,0.00972216
14.0139,0.326014,0.0096313
14.1349,0.318409,0.00952362
14.2559,0.301707,0.00928449
14.3768,0.317951,0.00952534
14.4978,0.283675,0.00900984
14.6188,0.27803,0.00891654
14.7398,0.277236,0.00891299
14.8608,0.297507,0.0092443
14.9817,0.274047,0.00887406
15.1027,0.286042,0.0090721
15.2237,0.258969,0.00863055
15.3447,0.268053,0.00878272
15.4657,0.264772,0.00873586
15.5867,0.265127,0.00874937
15.7076,0.253708,0.00856445
15.8286,0.261239,0.00869431
15.9496,0.265455,0.00876636
16.0706,0.243909,0.00841039
16.1916,0.244158,0.00842918
16.3126,0.263257,0.00875265
16.4335,0.260724,0.00871085
16.5545,0.243495,0.0084359
16.6755,0.256451,0.00866604
16.7965,0.2476,0.00851933
16.9175,0.24333,0.00844275
17.0385,0.248208,0.00852871
17.1594,0.247393,0.00852357
17.2804,0.24829,0.00855225
17.4014,0.242288,0.0084493
17.5224,0.245084,0.00851034
17.6434,0.247103,0.00854859
17.7644,0.256797,0.00871584
17.8853,0.229478,0.00824909
18.0063,0.23776,0.00840108
18.1273,0.245011,0.00854659
18.2483,0.247677,0.00859165
18.3693,0.257672,0.00876973
18.4903,0.246666,0.00858136
18.6112,0.252616,0.00868593
18.7322,0.251581,0.00868164
18.8532,0.249963,0.00865769
18.9742,0.244841,0.00856909
19.0952,0.244867,0.0085778
19.2162,0.254577,0.00875087
19.3371,0.250562,0.0086886
19.4581,0.24902,0.00866185
19.5791,0.261759,0.00889606
19.7001,0.261623,0.0088906
19.8211,0.248053,0.00866447
19.9421,0.267871,0.00900618
20.063,0.273464,0.00909726
20.184,0.266752,0.00899952
20.305,0.277741,0.00918382
20.426,0.278321,0.00919756
20.547,0.266022,0.00900249
20.668,0.283431,0.00929872
20.7889,0.297962,0.00954621
20.9099,0.292948,0.0094544
21.0309,0.295532,0.0095087
21.1519,0.292211,0.00946587
21.2729,0.288299,0.00940073
21.3939,0.277427,0.00923326
21.5148,0.278621,0.00925944
21.6358,0.278549,0.00926476
21.7568,0.276561,0.00923218
21.8778,0.324544,0.0100142
21.9988,0.299762,0.00962474
22.1198,0.304343,0.00970652
22.2407,0.302994,0.0096869
22.3617,0.31314,0.00985338
22.4827,0.310081,0.00981413
22.6037,0.31729,0.00993581
22.7247,0.315116,0.00990371
22.8457,0.3185,0.00996573
22.9666,0.291214,0.00953364
23.0876,0.308082,0.00981726
23.2086,0.32098,0.0100213
23.3296,0.313672,0.00991506
23.4506,0.32586,0.0101089
23.5716,0.327489,0.0101392
23.6925,0.313493,0.00992016
23.8135,0.317417,0.00999943
23.9345,0.309928,0.00988239
24.0555,0.302753,0.0097775
24.1563,0.312079,0.0121536
24.2571,0.316273,0.00516835
24.3784,0.309132,0.00510228
24.5003,0.312912,0.00511273
24.6228,0.291384,0.00491927
24.7459,0.310185,0.00506074
24.8696,0.310408,0.00504733
24.994,0.313199,0.00505632
25.119,0.311424,0.00503569
25.2446,0.317025,0.00506493
25.3708,0.304406,0.00494321
25.4976,0.313147,0.00500348
25.6251,0.310703,0.00497222
25.7533,0.318757,0.0050261
25.882,0.309951,0.00494451
26.0114,0.308567,0.00491859
26.1415,0.313108,0.00494207
26.2722,0.312554,0.00492244
26.4036,0.314504,0.00492171
26.5356,0.312399,0.00489728
26.6682,0.313492,0.00489638
26.8016,0.311418,0.0048701
26.9356,0.323668,0.00495254
27.0703,0.3124,0.00485381
27.2056,0.310191,0.00482286
27.3417,0.315536,0.00485316
27.4784,0.323478,0.00489977
27.6158,0.314341,0.00482115
27.7538,0.324302,0.00488444
27.8926,0.324799,0.00488152
28.0321,0.333348,0.00492833
28.1722,0.330708,0.00489972
28.3131,0.333632,0.00491203
28.4547,0.339029,0.0049361
28.5969,0.332737,0.00488003
28.7399,0.342785,0.0049466
28.8836,0.340549,0.00491841
29.028,0.33738,0.00488517
29.1732,0.337233,0.00487208
29.319,0.340122,0.00487874
29.4656,0.343752,0.00489958
29.613,0.338097,0.00484526
29.761,0.338967,0.0048451
29.9098,0.336666,0.00481482
30.0594,0.352393,0.00491974
30.2097,0.342805,0.00483683
30.3607,0.344373,0.00484001
30.5125,0.338188,0.00478647
30.6651,0.354556,0.00489188
30.8184,0.343713,0.00480403
30.9725,0.349819,0.00483485
31.1274,0.352495,0.00484508
31.283,0.352647,0.004835
31.4394,0.352038,0.00482374
31.5966,0.357524,0.0048515
31.7546,0.345384,0.00475529
31.9134,0.354751,0.00480969
32.0729,0.359236,0.00483059
32.2333,0.348177,0.00474516
32.3945,0.353434,0.00477219
32.5564,0.346686,0.00471654
32.7192,0.352493,0.00474793
32.8828,0.353238,0.00473897
33.0472,0.357784,0.00475922
33.2125,0.354453,0.00472596
33.3785,0.349538,0.0046845
33.5454,0.361115,0.00475029
33.7132,0.351269,0.00467664
33.8817,0.358354,0.00471234
34.0511,0.35744,0.00469588
34.2214,0.351411,0.00464989
34.3925,0.361666,0.00470579
34.5645,0.355845,0.00465566
34.7373,0.354518,0.00463992
34.911,0.359118,0.0046597
35.0855,0.356703,0.00463416
35.2609,0.364378,0.00467108
35.4373,0.360172,0.00463545
35.6144,0.367086,0.00466809
35.7925,0.360049,0.00461176
35.9715,0.3659,0.00464267
36.1513,0.366197,0.00463345
36.3321,0.363369,0.0046063
36.5137,0.367053,0.00461712
36.6963,0.368454,0.00461571
36.8798,0.364427,0.00457938
37.0642,0.367326,0.00459199
37.2495,0.375357,0.00462832
37.4358,0.372968,0.00460269
37.6229,0.367904,0.00456203
37.8111,0.375426,0.00459817
38.0001,0.368651,0.00454604
38.1901,0.392202,0.00468089
38.3811,0.388427,0.00464854
38.573,0.381775,0.00460092
38.7658,0.381446,0.00458783
38.9597,0.38601,0.00460539
39.1545,0.386512,0.00459575
39.3502,0.39044,0.00461135
39.547,0.39697,0.00463903
39.7447,0.392543,0.00460054
39.9434,0.393464,0.00459648
40.1432,0.397011,0.00460641
40.3439,0.405564,0.00464572
40.5456,0.403123,0.00462513
40.7483,0.404558,0.00462132
40.9521,0.409976,0.00464348
41.1568,0.409871,0.00463327
41.3626,0.414647,0.00464971
41.5694,0.402288,0.00456985
41.7773,0.408964,0.00459508
41.9862,0.413669,0.00461177
42.1961,0.418481,0.00463083
42.4071,0.419997,0.00462967
42.6191,0.428271,0.0046657
42.8322,0.426568,0.00464731
43.0464,0.433596,0.00467451
43.2616,0.427646,0.00463126
43.4779,0.425454,0.00461285
43.6953,0.436114,0.00465952
43.9138,0.43862,0.00466355
44.1333,0.435968,0.00464083
44.354,0.438319,0.00464263
44.5758,0.450063,0.00469562
44.7987,0.444546,0.00465572
45.0226,0.445297,0.00465204
45.2478,0.447562,0.00465273
45.474,0.447856,0.00464346
45.7014,0.444791,0.00461927
45.9299,0.444926,0.0046099
46.1595,0.449942,0.00462562
46.3903,0.447255,0.00460445
46.6223,0.44601,0.00458754
46.8554,0.447364,0.00458688
47.0897,0.450384,0.00459188
47.3251,0.44288,0.00454443
47.5617,0.443398,0.00453892
47.7995,0.443986,0.00453373
48.0385,0.449866,0.00455136
48.2787,0.448758,0.00453778
48.5201,0.444483,0.00451041
48.7627,0.44445,0.00450185
49.0065,0.440565,0.0044739
49.2516,0.440284,0.00445987
49.4978,0.443847,0.00447145
49.7453,0.451261,0.00450119
49.994,0.44271,0.00445071
50.244,0.449202,0.00447112
50.4952,0.442628,0.00443415
50.7477,0.446817,0.00444325
51.0015,0.443406,0.0044198
51.2565,0.447312,0.00443128
51.5127,0.442765,0.00440118
51.7703,0.45421,0.00444932
52.0292,0.456044,0.00445026
52.2893,0.448664,0.00440612
52.5507,0.448303,0.00439628
52.8135,0.446524,0.00438002
53.0776,0.442482,0.00435407
53.343,0.440775,0.00433947
53.6097,0.439707,0.00432651
53.8777,0.435993,0.00429865
54.1471,0.445748,0.00434111
54.4178,0.440095,0.00430562
54.6899,0.437281,0.00428588
54.9634,0.438756,0.00428509
55.2382,0.44066,0.00428811
55.5144,0.439,0.00427119
55.792,0.433286,0.004238
56.0709,0.434632,0.00423751
56.3513,0.433312,0.00422283
56.633,0.431814,0.00421056
56.9162,0.428916,0.0041892
57.2008,0.423852,0.00415762
57.4868,0.424319,0.00415498
57.7742,0.425624,0.00415483
58.0631,0.427403,0.00415751
58.3534,0.432929,0.00417645
58.6452,0.420766,0.00411028
58.9384,0.420466,0.00410325
59.2331,0.415823,0.00407222
59.5293,0.423216,0.00410082
59.8269,0.419098,0.00407449
60.126,0.418762,0.0040657
60.4267,0.413409,0.00403443
60.7288,0.417922,0.00404999
61.0324,0.425152,0.00407913
61.3376,0.419363,0.0040435
61.6443,0.413518,0.0040089
61.9525,0.418833,0.00402777
62.2623,0.415888,0.00400719
62.5736,0.413517,0.00399011
62.8865,0.41473,0.00398974
63.2009,0.412026,0.00397135
63.5169,0.419359,0.00399904
63.8345,0.413901,0.00396689
64.1537,0.411636,0.0039507
64.4744,0.412087,0.00394783
64.7968,0.415521,0.00395718
65.1208,0.408772,0.00391836
65.4464,0.416874,0.00395319
65.7736,0.418017,0.00395249
66.1025,0.416256,0.00393967
66.433,0.419872,0.00395159
66.7652,0.412345,0.00391143
67.099,0.414401,0.00391552
67.4345,0.418949,0.00393451
67.7716,0.415193,0.00391069
68.1105,0.412311,0.0038922
68.4511,0.421897,0.00393237
68.7933,0.419462,0.00391611
69.1373,0.429014,0.00395591
69.483,0.424602,0.00393033
69.8304,0.433112,0.00396515
70.1795,0.429358,0.00394416
70.5304,0.436609,0.0039718
70.8831,0.436058,0.00396689
71.2375,0.438428,0.00397331
71.5937,0.458416,0.00405859
71.9517,0.458108,0.00405332
72.3114,0.466971,0.00408812
72.673,0.476848,0.00412907
73.0363,0.477191,0.00412603
73.4015,0.476057,0.00411778
73.7685,0.473157,0.0040993
74.1374,0.46979,0.00407929
74.5081,0.465462,0.00405324
74.8806,0.461455,0.00402999
75.255,0.458503,0.00401075
75.6313,0.452803,0.00398076
76.0094,0.455035,0.00398638
76.3895,0.443694,0.0039299
76.7714,0.440078,0.00390795
77.1553,0.439491,0.00390011
77.5411,0.43721,0.00388311
77.9288,0.430008,0.00384572
78.3184,0.424917,0.00381633
78.71,0.424478,0.00381009
79.1035,0.429221,0.00382653
79.4991,0.43135,0.00383138
79.8966,0.420032,0.00377463
80.296,0.428303,0.0038068
80.6975,0.423913,0.00378112
81.101,0.417086,0.00374515
81.5065,0.417309,0.0037424
81.9141,0.409699,0.00370168
82.3236,0.410331,0.00369973
82.7352,0.405459,0.00367205
83.1489,0.400954,0.00364773
83.5647,0.398232,0.00363175
83.9825,0.392665,0.00359986
84.4024,0.38443,0.00355859
84.8244,0.382821,0.00354677
85.2485,0.38879,0.00357067
85.6748,0.375777,0.00350415
86.1031,0.378894,0.00351525
86.5337,0.371031,0.00347502
86.9663,0.373963,0.00348446
87.4012,0.369354,0.00345904
87.8382,0.368023,0.00344847
88.2774,0.36482,0.00342814
88.7187,0.361859,0.0034094
89.1623,0.360102,0.0033957
89.6082,0.352362,0.00335532
90.0562,0.354981,0.00336276
90.5065,0.348171,0.00332452
90.959,0.34194,0.00329097
91.4138,0.340441,0.00327856
91.8709,0.334584,0.00324463
92.3302,0.334651,0.00324039
92.7919,0.327153,0.00319813
93.2558,0.326871,0.00319176
93.7221,0.320182,0.00315448
94.1907,0.321564,0.00315656
94.6617,0.320408,0.00314685
95.135,0.319094,0.00313617
95.6107,0.31234,0.00309621
96.0887,0.313979,0.00310062
96.5692,0.309987,0.00307767
97.052,0.31221,0.00308358
97.5373,0.307399,0.00305389
98.0249,0.307406,0.00304929
98.5151,0.307573,0.0030463
99.0076,0.310456,0.00305604
99.5027,0.310074,0.00305063
100,0.306999,0.00303072
100.5,0.311252,0.00304641
101.003,0.300777,0.0029913
101.508,0.305701,0.00301105
102.015,0.298435,0.00297193
102.525,0.30487,0.00300031
103.038,0.299428,0.00296943
103.553,0.295811,0.00294734
104.071,0.29418,0.00293691
104.591,0.295324,0.00293867
105.114,0.289594,0.00290806
105.64,0.290552,0.00290974
106.168,0.287632,0.00289126
106.699,0.286633,0.0028838
107.232,0.284424,0.00286926
107.768,0.282405,0.00285454
108.307,0.280264,0.00284109
108.849,0.275384,0.00281299
109.393,0.274993,0.00280907
109.94,0.27479,0.00280356
110.49,0.271649,0.00278484
111.042,0.270066,0.00277292
111.597,0.270648,0.0027737
112.155,0.264888,0.00274132
112.716,0.265093,0.00273944
113.28,0.264565,0.00273406
113.846,0.260489,0.00271063
114.415,0.257707,0.00269473
114.987,0.257827,0.00269182
115.562,0.255773,0.00267936
116.14,0.261372,0.0027067
116.721,0.257798,0.00268584
117.305,0.259177,0.00269034
117.891,0.259473,0.00269074
118.481,0.259611,0.00268946
119.073,0.257775,0.00267954
119.668,0.258047,0.00268011
120.267,0.259222,0.00268366
120.868,0.253878,0.00265483
121.472,0.252912,0.00264784
122.08,0.250888,0.00263659
122.69,0.253954,0.00265126
123.304,0.254413,0.00265101
123.92,0.248556,0.00261921
124.54,0.250524,0.00262781
125.162,0.24757,0.00261101
125.788,0.24487,0.0025942
126.417,0.250025,0.00262026
127.049,0.247256,0.00260411
127.684,0.245522,0.00259263
128.323,0.246907,0.00259884
128.964,0.247294,0.00259931
129.609,0.247822,0.00260023
130.257,0.245668,0.00258692
130.909,0.246234,0.00258758
131.563,0.25174,0.00261544
132.221,0.249229,0.00260042
132.882,0.250639,0.00260485
133.546,0.250509,0.00260345
134.214,0.256468,0.00263264
134.885,0.259523,0.0026469
135.56,0.258656,0.00263952
136.238,0.272689,0.00270879
136.919,0.278092,0.00273282
137.603,0.277152,0.00272754
138.291,0.276275,0.00272093
138.983,0.282666,0.00275048
139.678,0.284233,0.00275637
140.376,0.285727,0.00276218
141.078,0.292822,0.00279429
141.783,0.29443,0.00280034
142.492,0.302349,0.00283656
143.205,0.30299,0.00283719
143.921,0.30083,0.00282661
144.64,0.302035,0.00283154
145.364,0.307216,0.00285345
146.09,0.306592,0.00284894
146.821,0.304864,0.00284031
147.555,0.301533,0.00282359
148.293,0.304432,0.00283504
149.034,0.306108,0.00284176
149.779,0.297415,0.00279984
150.528,0.302331,0.00282215
151.281,0.303719,0.00282664
152.037,0.299869,0.00280667
152.797,0.301647,0.00281311
153.561,0.298242,0.00279671
154.329,0.30011,0.00280395
155.101,0.301541,0.00280996
155.876,0.301567,0.00280859
156.656,0.303611,0.00281643
157.439,0.300998,0.00280311
158.226,0.299743,0.00279636
159.017,0.302664,0.0028091
159.812,0.300225,0.00279787
160.612,0.300551,0.00279721
161.415,0.300758,0.00279815
162.222,0.299679,0.00279319
163.033,0.301707,0.00280352
163.848,0.29861,0.00278767
164.667,0.296495,0.00277814
165.491,0.291135,0.00275303
166.318,0.297664,0.00278343
167.15,0.292606,0.00276116
167.985,0.286474,0.00273194
168.825,0.285407,0.00272631
169.669,0.284568,0.00272265
170.518,0.284891,0.00272431
171.37,0.28093,0.00270569
172.227,0.273345,0.00266898
173.088,0.275708,0.00267989
173.954,0.272749,0.00266477
174.823,0.270824,0.00265636
175.698,0.26212,0.00261341
176.576,0.264444,0.00262454
177.459,0.256225,0.00258375
178.346,0.251266,0.00255903
179.238,0.247776,0.00254163
180.134,0.251749,0.00255956
181.035,0.250252,0.00255278
181.94,0.248781,0.00254419
182.85,0.244523,0.00252128
183.764,0.251195,0.00255613
184.683,0.245877,0.00252775
185.606,0.255376,0.002577
186.534,0.256111,0.00257885
187.467,0.258655,0.0025926
188.404,0.262277,0.00260957
189.346,0.260644,0.00260107
190.293,0.258208,0.00258934
191.244,0.255846,0.00257763
192.201,0.256306,0.00258022
193.162,0.251041,0.00255331
194.128,0.246815,0.00253141
195.098,0.242279,0.00250849
196.074,0.242215,0.00250832
197.054,0.233156,0.0024614
198.039,0.240922,0.00250091
199.029,0.234777,0.00246808
200.025,0.235809,0.00247343
201.025,0.23495,0.00246941
202.03,0.23602,0.00247544
203.04,0.237572,0.00248288
204.055,0.241122,0.00250126
205.075,0.245936,0.00252605
206.101,0.244842,0.0025201
207.131,0.251258,0.00255356
208.167,0.259816,0.00259686
209.208,0.266208,0.00262826
210.254,0.279616,0.00269405
211.305,0.29299,0.00275794
212.362,0.302082,0.0028003
213.424,0.322218,0.00289272
214.491,0.346843,0.00300313
215.563,0.373622,0.00311689
216.641,0.407773,0.0032578
217.724,0.45189,0.00342945
218.813,0.495022,0.00359124
219.907,0.537708,0.00374373
221.006,0.571837,0.00386116
222.111,0.577171,0.00388011
223.222,0.557799,0.00381532
224.338,0.511163,0.0036527
225.46,0.481697,0.00354729
226.587,0.463885,0.00348109
227.72,0.434659,0.00337023
228.859,0.406906,0.0032594
230.003,0.392934,0.0032022
231.153,0.367038,0.00309535
232.309,0.350314,0.00302272
233.47,0.339527,0.00297669
234.638,0.320269,0.00289124
235.811,0.302719,0.0028104
236.99,0.290379,0.00275115
238.175,0.279174,0.00269841
239.366,0.27553,0.0026812
240.562,0.274116,0.00267376
241.765,0.269586,0.00265246
242.974,0.268976,0.00265057
244.189,0.266721,0.00263904
245.41,0.263993,0.00262543
246.637,0.264622,0.00262958
247.87,0.261399,0.00261476
249.109,0.259002,0.00260286
250.355,0.257092,0.00259236
251.607,0.254751,0.00258136
252.865,0.253278,0.00257357
254.129,0.255401,0.00258326
255.4,0.252262,0.00256887
256.677,0.258001,0.00259835
257.96,0.251116,0.00256431
259.25,0.254621,0.00258124
260.546,0.256954,0.00259251
261.849,0.258911,0.00260397
263.158,0.262914,0.00262547
264.474,0.263339,0.00262737
265.796,0.263712,0.00262905
267.125,0.266335,0.00264336
268.461,0.271524,0.00267118
269.803,0.274129,0.00268387
271.152,0.282251,0.00272523
272.508,0.280212,0.00271671
273.871,0.289156,0.00276008
275.24,0.293056,0.00277908
276.616,0.29942,0.00281124
277.999,0.300196,0.00281618
279.389,0.302068,0.00282675
280.786,0.298747,0.00281171
282.19,0.303261,0.00283479
283.601,0.306491,0.0028512
285.019,0.308811,0.0028643
286.444,0.305702,0.00285145
287.876,0.300188,0.00282747
289.316,0.305869,0.00285661
290.762,0.298538,0.00282408
292.216,0.296381,0.00281606
293.677,0.290811,0.0027917
295.146,0.283804,0.00276026
296.621,0.275739,0.00272302
298.104,0.273152,0.00271164
299.595,0.274024,0.00271967
301.093,0.274632,0.0027256
302.598,0.274689,0.00272877
304.111,0.271684,0.00271629
305.632,0.2638,0.00267865
307.16,0.259942,0.00266264
308.696,0.260709,0.00266846
310.239,0.25719,0.00265377
311.791,0.247522,0.00260716
313.35,0.253591,0.00264203
314.916,0.247534,0.00261335
316.491,0.24486,0.00260286
318.073,0.236077,0.00255774
319.664,0.237941,0.00257213
321.262,0.23739,0.00257143
322.868,0.234603,0.00255999
324.483,0.232134,0.00254924
326.105,0.229129,0.00253732
327.736,0.221476,0.002499
329.374,0.218249,0.00248426
331.021,0.214436,0.00246467
332.676,0.208633,0.00243471
334.34,0.204337,0.00241218
336.011,0.203815,0.00241331
337.691,0.198933,0.00238739
339.38,0.191755,0.00234524
341.077,0.190529,0.00234155
342.782,0.190176,0.00234131
344.496,0.186831,0.00232358
346.218,0.186837,0.00232773
347.95,0.18056,0.00228962
349.689,0.186847,0.00233341
351.438,0.182738,0.00230996
353.195,0.183784,0.00231931
354.961,0.180726,0.00230407
356.736,0.180651,0.00230558
358.519,0.177371,0.00228756
360.312,0.181139,0.00231629
362.114,0.176184,0.00228774
363.924,0.176958,0.00229595
365.744,0.176372,0.00229603
367.572,0.173111,0.0022766
369.41,0.174794,0.00229134
371.257,0.179631,0.00232565
373.114,0.178534,0.00232274
374.979,0.175311,0.00230448
376.854,0.179523,0.00233522
378.738,0.178051,0.00233103
380.632,0.180847,0.00235163
382.535,0.175918,0.00232212
384.448,0.181966,0.00236651
386.37,0.179823,0.00235643
388.302,0.179261,0.00235614
390.244,0.181558,0.00237628
392.195,0.182585,0.00238492
394.156,0.181044,0.00238031
396.127,0.182839,0.00239525
398.107,0.186239,0.00242217
400.098,0.179386,0.00238084
402.098,0.184201,0.00241683
404.109,0.180481,0.00239563
406.129,0.185288,0.00243369
408.16,0.188065,0.00245516
410.201,0.186958,0.0024523
412.252,0.190024,0.00247803
414.313,0.194942,0.00251468
416.384,0.196862,0.00253088
418.466,0.197334,0.00254092
420.559,0.200491,0.00256502
422.662,0.207355,0.00261411
424.775,0.205237,0.0026066
426.899,0.207662,0.00262566
429.033,0.213556,0.00266752
431.178,0.207783,0.0026357
433.334,0.207891,0.0026424
435.501,0.205499,0.0026325
437.678,0.206677,0.00264432
439.867,0.204485,0.00263655
442.066,0.204322,0.00264106
444.276,0.200309,0.00262128
446.498,0.199957,0.00262424
448.73,0.201919,0.0026427
450.974,0.204522,0.00266397
453.229,0.209557,0.00270033
455.495,0.211664,0.00271918
457.773,0.208677,0.00270613
460.061,0.205097,0.00268895
462.362,0.196257,0.00263627
464.673,0.194862,0.00263312
466.997,0.189118,0.00260044
469.332,0.19507,0.00264706
471.679,0.200203,0.00268725
474.037,0.198669,0.00268078
476.407,0.199271,0.00269341
478.789,0.200886,0.00271103
481.183,0.194824,0.00267503
483.589,0.191888,0.00266074
486.007,0.183127,0.00260532
488.437,0.183311,0.00261423
490.879,0.181302,0.002605
493.334,0.17594,0.00257217
495.8,0.173582,0.00256043
498.279,0.169535,0.0025377
500.771,0.165317,0.00251167
503.274,0.160936,0.00248336
505.791,0.162115,0.00249916
508.32,0.159221,0.00248345
510.861,0.163448,0.00252176
513.416,0.161857,0.00251571
515.983,0.16003,0.00250741
518.563,0.164537,0.00254723
521.155,0.162756,0.00253978
523.761,0.162123,0.00254252
526.38,0.163146,0.00255744
529.012,0.165369,0.00258077
531.657,0.163009,0.00256799
534.315,0.164089,0.00258338
536.987,0.159028,0.00255181
539.672,0.161567,0.00257892
542.37,0.165416,0.00261638
545.082,0.161777,0.00259303
547.807,0.158426,0.0025735
550.546,0.160952,0.00260127
553.299,0.158869,0.0025897
556.066,0.160793,0.00261479
558.846,0.158655,0.00260419
561.64,0.158024,0.0026061
564.448,0.156704,0.00260281
567.271,0.16046,0.00264033
570.107,0.155952,0.00261084
572.958,0.158184,0.00263545
575.822,0.15425,0.00261172
578.702,0.155257,0.0026257
581.595,0.153254,0.00261725
584.503,0.151924,0.00261408
587.426,0.152406,0.002625
590.363,0.150161,0.00261345
593.314,0.149962,0.00261941
596.281,0.152014,0.00264395
599.262,0.150282,0.00264004
602.259,0.151369,0.00265572
605.27,0.149321,0.00264617
608.296,0.147799,0.00264109
611.338,0.148719,0.00265566
614.395,0.150532,0.00268119
617.467,0.147747,0.0026633
620.554,0.148314,0.00267623
623.657,0.144269,0.00264778
626.775,0.145208,0.00266414
629.909,0.147721,0.00269749
633.058,0.144619,0.0026755
636.224,0.143094,0.00267141
639.405,0.144301,0.00269293
642.602,0.141645,0.00267356
645.815,0.144439,0.00270934
649.044,0.136757,0.00264456
652.289,0.1385,0.00266994
655.551,0.145436,0.00274341
658.828,0.142454,0.00272451
662.122,0.140607,0.00271452
665.433,0.14072,0.00272396
668.76,0.142959,0.00275433
672.104,0.140329,0.00273769
675.464,0.142534,0.00276831
678.842,0.136763,0.00272172
682.236,0.143526,0.00279861
685.647,0.141201,0.00278337
689.075,0.140522,0.00278604
692.521,0.138799,0.00277848
695.983,0.140833,0.0028074
699.463,0.145974,0.00286794
702.961,0.140998,0.0028276
706.475,0.13953,0.00282059
710.008,0.141874,0.00285613
713.558,0.145747,0.00290366
717.126,0.145724,0.00291169
720.711,0.142416,0.00288954
724.315,0.146486,0.00293899
727.936,0.145455,0.00293782
731.576,0.152792,0.00302082
735.234,0.156121,0.00306486
738.91,0.157923,0.0030902
742.605,0.166619,0.00318598
746.318,0.180186,0.00332523
750.049,0.204979,0.00355949
753.8,0.23835,0.00384901
757.569,0.262876,0.00405025
761.356,0.275534,0.00415656
765.163,0.256328,0.00401922
768.989,0.217588,0.00371583
772.834,0.194266,0.00352298
776.698,0.18098,0.0034158
780.582,0.186439,0.00348394
784.485,0.18513,0.00348318
788.407,0.188805,0.00353054
792.349,0.183757,0.00349234
796.311,0.187532,0.00354238
800.292,0.19559,0.00363168
804.294,0.191509,0.00360453
808.315,0.189884,0.00359841
812.357,0.186275,0.00357572
816.419,0.190807,0.00363082
820.501,0.188464,0.00362488
824.603,0.18578,0.00360983
828.726,0.183958,0.00360714
832.87,0.179219,0.0035703
837.034,0.177366,0.00356303
841.219,0.176781,0.00357143
845.425,0.183173,0.00364656
849.653,0.186782,0.00369637
853.901,0.1888,0.00372679
858.17,0.189721,0.0037467
862.461,0.19327,0.00379913
866.773,0.185704,0.0037391
871.107,0.194068,0.00383723
875.463,0.210652,0.00400992
879.84,0.242568,0.00431995
884.239,0.268746,0.00456085
888.661,0.285563,0.00471312
893.104,0.276556,0.00465072
897.569,0.256381,0.00449287
902.057,0.228903,0.00426255
906.568,0.2197,0.00419249
911.1,0.205929,0.00407749
915.656,0.202507,0.00405717
920.234,0.200513,0.00405203
924.835,0.196097,0.00402493
929.46,0.204863,0.00413108
934.107,0.202177,0.00411961
938.777,0.202954,0.00413903
943.471,0.19801,0.0041007
948.189,0.19906,0.00412864
952.93,0.199286,0.00414698
957.694,0.201719,0.00418799
962.483,0.194538,0.00412819
967.295,0.191482,0.00411547
972.132,0.190956,0.00412398
976.992,0.183397,0.00405438
981.877,0.186491,0.00410648
986.787,0.189657,0.00415594
991.72,0.19106,0.00418969
996.679,0.193193,0.00422904
1001.66,0.187751,0.00418519
1006.67,0.179057,0.00410354
1011.7,0.177533,0.00410381
1016.76,0.180054,0.00414699
1021.85,0.18299,0.00419567
1026.96,0.193345,0.00432972
1032.09,0.192344,0.00433613
1037.25,0.193355,0.00436404
1042.44,0.196756,0.00441816
1047.65,0.189088,0.00434833
1052.89,0.193983,0.0044243
1058.15,0.198958,0.00449434
1063.44,0.205337,0.0045781
1068.76,0.216848,0.00473051
1074.1,0.223506,0.00482006
1079.47,0.227007,0.00487949
1084.87,0.240444,0.00503904
1090.3,0.248182,0.00513682
1095.75,0.244983,0.00511995
1101.23,0.239799,0.005087
1106.73,0.221248,0.00491261
1112.27,0.224086,0.00495467
1117.83,0.214219,0.00486618
1123.42,0.21925,0.00494688
1129.03,0.21998,0.00497702
1134.68,0.220505,0.00499577
1140.35,0.216971,0.00497731
1146.05,0.213503,0.00495111
1151.78,0.213352,0.00497242
1157.54,0.207746,0.00493111
1163.33,0.204201,0.00490625
1169.15,0.208582,0.00497761
1174.99,0.206264,0.00497423
1180.87,0.205478,0.00498093
1186.77,0.20087,0.00494674
1192.71,0.203906,0.0050092
1198.67,0.20841,0.00508434
1204.66,0.220707,0.00524618
1210.69,0.227434,0.00535177
1216.74,0.223432,0.00531894
1222.82,0.223712,0.00534752
1228.94,0.224571,0.00537228
1235.08,0.234076,0.0055115
1241.26,0.233881,0.00553918
1247.46,0.23148,0.00552993
1253.7,0.218325,0.00538938
1259.97,0.210082,0.0053105
1266.27,0.212626,0.00536803
1272.6,0.22942,0.00559634
1278.96,0.226013,0.00557835
1285.36,0.229749,0.00564717
1291.79,0.240099,0.00580159
1298.24,0.262786,0.00609018
1304.74,0.261728,0.00610532
1311.26,0.260817,0.00611196
1317.82,0.249062,0.00599767
1324.41,0.227249,0.00575299
1331.03,0.227706,0.00577882
1337.68,0.243162,0.00600732
1344.37,0.241103,0.00600742
1351.09,0.254372,0.00619355
1357.85,0.247532,0.006134
1364.64,0.249583,0.0061806
1371.46,0.260375,0.00634322
1378.32,0.262182,0.00639197
1385.21,0.273837,0.00656083
1392.14,0.273085,0.00656829
1399.1,0.273735,0.00660449
1406.09,0.260654,0.0064756
1413.12,0.255368,0.00643223
1420.19,0.260133,0.00652115
1427.29,0.268645,0.00664903
1434.43,0.256395,0.00652692
1441.6,0.265572,0.00666513
1448.81,0.279884,0.00686962
1456.05,0.279918,0.00689826
1463.33,0.310588,0.00729965
1470.65,0.299661,0.00718392
1478,0.285832,0.00704263
1485.39,0.284637,0.0070621
1492.82,0.2605,0.0067856
1500.28,0.25089,0.00669055
1507.78,0.262929,0.00688004
1515.32,0.260696,0.00687563
1522.9,0.257639,0.00686822
1530.51,0.256877,0.00688045
1538.16,0.251685,0.00683283
1545.86,0.256876,0.00693202
1553.58,0.248859,0.00685049
1561.35,0.238606,0.00673944
1569.16,0.246625,0.00687836
1577,0.240568,0.00681991
1584.89,0.239392,0.00683779
1592.81,0.235029,0.00679842
1600.78,0.235743,0.0068306
1608.78,0.231557,0.00679567
1616.83,0.224324,0.00671117
1624.91,0.23079,0.0068329
1633.03,0.225713,0.00677622
1641.2,0.221213,0.00674842
1649.41,0.220272,0.0067556
1657.65,0.219903,0.00677327
1665.94,0.208727,0.00662819
1674.27,0.221586,0.00685956
1682.64,0.214926,0.00676786
1691.06,0.201165,0.00657319
1699.51,0.207863,0.00671789
1708.01,0.20285,0.00665412
1716.55,0.20788,0.00676253
1725.13,0.205486,0.00674362
1733.76,0.208862,0.00682861
1742.43,0.212578,0.00691036
1751.14,0.206048,0.00682957
1759.89,0.205031,0.00684274
1768.69,0.199322,0.00677139
1777.54,0.199841,0.00679742
1786.42,0.205473,0.00693134
1795.36,0.202942,0.00691318
1804.33,0.198402,0.0068536
1813.35,0.195528,0.00681752
1822.42,0.19856,0.00691372
1831.53,0.19997,0.00695678
1840.69,0.197777,0.00692921
1849.89,0.193949,0.00688926
1859.14,0.190439,0.00686159
1868.44,0.185551,0.00680309
1877.78,0.185973,0.00681782
1887.17,0.186221,0.00685087
1896.61,0.184489,0.00684526
1906.09,0.16989,0.00658168
1915.62,0.183311,0.00685338
1925.2,0.186394,0.00693789
1934.82,0.182681,0.00689537
1944.5,0.182828,0.00692994
1954.22,0.174484,0.00678629
1963.99,0.170296,0.00673169
1973.81,0.177349,0.00689015
1983.68,0.178401,0.00692278
1993.6,0.178271,0.00695075
2003.57,0.175544,0.00693383
2013.59,0.175731,0.00694695
2023.65,0.179874,0.00705282
2033.77,0.189238,0.00726264
2043.94,0.176287,0.00703597
2054.16,0.168045,0.00688547
2064.43,0.166204,0.00686877
2074.75,0.162343,0.00681161
2085.13,0.179984,0.00719251
2095.55,0.172498,0.00705848
2106.03,0.175629,0.00714444
2116.56,0.179338,0.00725191
2127.14,0.1709,0.0071132
2137.78,0.172732,0.00718021
2148.47,0.167557,0.00709863
2159.21,0.161646,0.00698257
2170.01,0.181001,0.00741152
2180.86,0.172947,0.0072627
2191.76,0.171714,0.00727373
2202.72,0.171612,0.00728925
2213.73,0.171209,0.00730805
2224.8,0.172994,0.00737198
2235.93,0.169454,0.00732097
2247.11,0.182698,0.00763118
2258.34,0.182072,0.00763371
2269.63,0.165819,0.00729709
2280.98,0.173384,0.00747571
2292.39,0.17655,0.00756256
2303.85,0.179129,0.00764782
2315.37,0.179629,0.00769836
2326.94,0.177051,0.00764953
2338.58,0.175452,0.00764287
2350.27,0.178126,0.00771065
2362.02,0.177198,0.0077139
2373.83,0.162616,0.00741433
2385.7,0.178735,0.00780407
2397.63,0.180461,0.00785614
2409.62,0.179522,0.00786954
2421.67,0.189964,0.00811773
2433.77,0.182464,0.00796548
2445.94,0.18058,0.00795922
2458.17,0.17168,0.00777518
2470.46,0.174515,0.00785161
2482.82,0.182032,0.00806509
2495.23,0.189756,0.00826892
2507.71,0.182032,0.00811882
2520.25,0.191058,0.00832091
2532.85,0.189048,0.0083132
2545.51,0.184765,0.00824815
2558.24,0.175813,0.00806561
2571.03,0.181606,0.00823128
2583.88,0.173557,0.00807812
2596.8,0.179803,0.00823886
2609.79,0.184446,0.00836877
2622.84,0.185916,0.0084229
2635.95,0.184018,0.00838503
2649.13,0.185113,0.00844996
2662.38,0.18286,0.00839516
2675.69,0.185414,0.00849244
2689.07,0.195494,0.00873546
2702.51,0.194078,0.00872748
2716.02,0.176712,0.00837952
2729.61,0.179054,0.00846124
2743.25,0.179391,0.00847233
2756.97,0.172099,0.00831493
2770.75,0.170067,0.00831267
2784.61,0.182357,0.00862735
2798.53,0.186696,0.00872558
2812.52,0.193201,0.0089098
2826.59,0.188171,0.00881062
2840.72,0.178897,0.00862078
2854.92,0.177909,0.00862564
2869.2,0.193886,0.00903391
2883.54,0.196136,0.00911743
2897.96,0.191068,0.0090138
2912.45,0.207202,0.00943156
2927.01,0.217804,0.00968584
2941.65,0.210613,0.00954689
2956.36,0.222696,0.0098344
2971.14,0.242854,0.0103007
2985.99,0.229958,0.0100716
3000.92,0.23754,0.0102682
3015.93,0.234971,0.0102356
3031.01,0.238925,0.010342
3046.16,0.232255,0.0102336
3061.39,0.230114,0.0102151
3076.7,0.220325,0.0100104
3092.08,0.220403,0.0100323
3107.54,0.219516,0.01004
3123.08,0.205243,0.00974085
3138.7,0.216237,0.0100509
3154.39,0.218244,0.0101316
3170.16,0.216632,0.0101157
3186.01,0.211142,0.0100148
3201.94,0.193198,0.00960961
3217.95,0.195983,0.0096971
3234.04,0.199875,0.00981192
3250.21,0.198754,0.00983798
3266.47,0.196875,0.00981832
3282.8,0.198668,0.00989827
3299.21,0.202215,0.0100193
3315.71,0.197874,0.00991834
3332.29,0.208026,0.0102079
3348.95,0.205091,0.0101776
3365.69,0.200067,0.0100682
3382.52,0.189257,0.00982447
3399.43,0.184553,0.00973599
3416.43,0.189681,0.00989689
3433.51,0.178085,0.0096133
3450.68,0.188377,0.00989995
3467.93,0.193539,0.0100882
3485.27,0.1848,0.0099136
3502.7,0.184242,0.00993722
3520.21,0.191661,0.0101593
3537.81,0.184785,0.00996989
3555.5,0.188538,0.0101225
3573.28,0.183199,0.010003
3591.15,0.180917,0.00996287
3609.1,0.173403,0.00980383
3627.15,0.176631,0.0099346
3645.28,0.182733,0.0101178
3663.51,0.187317,0.0102491
3681.83,0.186266,0.0102454
3700.24,0.180213,0.0101218
3718.74,0.170675,0.00989355
3737.33,0.176514,0.0100771
3756.02,0.183733,0.0103229
3774.8,0.185524,0.0103837
3793.67,0.185531,0.0104034
3812.64,0.185092,0.0104535
3831.7,0.200777,0.0109212
3850.86,0.194287,0.010792
3870.12,0.191544,0.0107252
3889.47,0.193061,0.0108198
3908.92,0.191068,0.0107981
3928.46,0.19309,0.0108842
3948.1,0.193031,0.0108885
3967.84,0.18829,0.010764
3987.68,0.193948,0.0109882
4007.62,0.208423,0.0114268
4027.66,0.202745,0.011281
4047.8,0.189451,0.0109416
4068.04,0.175962,0.0105789
4088.38,0.18311,0.0108245
4108.82,0.183742,0.0108885
4129.36,0.184348,0.0109235
4150.01,0.19052,0.0111347
4170.76,0.1784,0.0108219
4191.61,0.169471,0.0105704
4212.57,0.180324,0.0109516
4233.63,0.193004,0.0113481
4254.8,0.209848,0.0118683
4276.08,0.196954,0.0115361
4297.46,0.179837,0.0110576
4318.94,0.18658,0.0112728
4340.54,0.190264,0.0114254
4362.24,0.178885,0.0111225
4384.05,0.186008,0.0113784
4405.97,0.192413,0.0115964
4428,0.203581,0.0119506
4450.14,0.196458,0.0117803
4472.39,0.185574,0.0115049
4494.75,0.172761,0.0111253
4517.23,0.169157,0.0109979
4539.81,0.174682,0.0112322
4562.51,0.186298,0.0116649
4585.33,0.188792,0.0117796
4608.25,0.190544,0.01188
4631.29,0.184774,0.0117105
4654.45,0.185833,0.0117494
4677.72,0.183898,0.011729
4701.11,0.173894,0.0114516
4724.62,0.19125,0.0120422
4748.24,0.183403,0.0118291
4771.98,0.190612,0.0120917
4795.84,0.189155,0.0120712
4819.82,0.19583,0.0123227
4843.92,0.192476,0.0122345
4868.14,0.181282,0.01191
4892.48,0.177423,0.011828
4916.94,0.181766,0.0119946
4941.53,0.184667,0.0121099
4966.23,0.182811,0.012098
4991.07,0.183491,0.0121346
5016.02,0.190139,0.0123705
5041.1,0.174414,0.0118804
5066.31,0.171537,0.0118117
5091.64,0.180578,0.0121449
5117.1,0.180586,0.0121796
5142.68,0.177283,0.012085
5168.4,0.171259,0.0118878
5194.24,0.177525,0.012177
5220.21,0.176739,0.0122102
5246.31,0.176096,0.0122336
5272.54,0.176165,0.0122013
5298.9,0.173696,0.0121344
5325.4,0.168891,0.0120019
5352.03,0.175435,0.012258
5378.79,0.178396,0.0123924
5405.68,0.176625,0.0123643
5432.71,0.166862,0.0120778
5459.87,0.168288,0.0121568
5487.17,0.177337,0.0125001
5514.61,0.172616,0.0123717
5542.18,0.171038,0.0123349
5569.89,0.176776,0.0125701
5597.74,0.188552,0.0130674
5625.73,0.187049,0.013023
5653.86,0.172919,0.0125524
5682.13,0.193535,0.0132563
5710.54,0.194268,0.0132917
5739.09,0.185382,0.0130406
5767.79,0.177626,0.0128032
5796.62,0.171278,0.0125962
5825.61,0.177985,0.0129098
5854.74,0.190596,0.0134067
5884.01,0.197851,0.0136601
5913.43,0.195375,0.0135863
5943,0.183955,0.0132104
5972.71,0.167933,0.0126572
6002.57,0.193957,0.0136434
6032.59,0.192418,0.0136699
6062.75,0.199653,0.0139496
6093.06,0.19662,0.0138596
6123.53,0.191627,0.0136996
6154.15,0.192761,0.0137719
6184.92,0.191101,0.0137318
6215.84,0.179049,0.0133336
6246.92,0.180328,0.0133864
6278.16,0.1875,0.0136732
6309.55,0.201306,0.0142318
6341.09,0.177089,0.0133901
6372.8,0.198021,0.0141695
6404.66,0.187393,0.0138284
6436.69,0.178721,0.0135106
6468.87,0.202252,0.0143811
6501.22,0.183567,0.0137642
6533.72,0.182147,0.013742
6566.39,0.184059,0.013862
6599.22,0.190956,0.0141699
6632.22,0.188974,0.0140972
6665.38,0.198686,0.0144503
6698.71,0.193182,0.0142823
6732.2,0.19042,0.0142241
6765.86,0.188146,0.0142045
6799.69,0.193135,0.0144616
6833.69,0.194191,0.0145305
6867.86,0.204374,0.0149279
6902.2,0.213108,0.0152746
6936.71,0.199409,0.0148232
6971.39,0.194564,0.0146666
7006.25,0.195731,0.014723
7041.28,0.194561,0.0146913
7076.49,0.186524,0.0143934
7111.87,0.21001,0.0153122
7147.43,0.192302,0.0146777
7183.16,0.179878,0.0142164
7219.08,0.195972,0.0149046
7255.18,0.192432,0.0148148
7291.45,0.191619,0.0148026
7327.91,0.191399,0.014811
7364.55,0.197672,0.0150826
7401.37,0.209333,0.0155952
7438.38,0.203667,0.0154106
7475.57,0.195249,0.01512
7512.95,0.187366,0.0148678
7550.51,0.183352,0.0147088
7588.26,0.192568,0.0150803
7626.21,0.201346,0.0154359
7664.34,0.194346,0.01525
7702.66,0.187059,0.014989
7741.17,0.187164,0.015013
7779.88,0.193075,0.015269
7818.78,0.193018,0.015341
7857.87,0.193934,0.0153945
7897.16,0.194574,0.0154323
7936.65,0.190831,0.0152916
7976.33,0.182875,0.0150424
8016.21,0.190014,0.0153483
8050.87,0.202423,0.0185603
