# X , Y , E Distribution=true

-20.1034,0.0203161,0.00310083
-19.9824,0.0174087,0.00286355
-19.8614,0.0172094,0.00285283
-19.7404,0.0158253,0.00274651
-19.6194,0.0209908,0.00319025
-19.4985,0.0194043,0.00303215
-19.3775,0.0159358,0.00275307
-19.2565,0.0187538,0.0029973
-19.1355,0.0215987,0.00320166
-19.0145,0.0238549,0.00337414
-18.8935,0.0181889,0.00295693
-18.7726,0.0194189,0.0030622
-18.6516,0.0194173,0.00305554
-18.5306,0.0179075,0.00292384
-18.4096,0.0297411,0.00380143
-18.2886,0.0226555,0.00330579
-18.1676,0.0259943,0.00355104
-18.0467,0.0283649,0.00371772
-17.9257,0.0258262,0.00352516
-17.8047,0.0262464,0.00355644
-17.6837,0.0336764,0.00404607
-17.5627,0.0279181,0.00368059
-17.4417,0.0290221,0.00376838
-17.3208,0.0262953,0.00359234
-17.1998,0.0355215,0.00416247
-17.0788,0.0360631,0.00420385
-16.9578,0.0325794,0.00401171
-16.8368,0.0387357,0.00436809
-16.7158,0.0461794,0.00478855
-16.5949,0.0706466,0.00599043
-16.4739,0.0692916,0.00594461
-16.3529,0.0621029,0.00560795
-16.2319,0.120365,0.00789136
-16.1109,0.112185,0.00761118
-15.9899,0.0785433,0.00632967
-15.869,0.136592,0.00838299
-15.748,0.10365,0.00729071
-15.627,0.0863848,0.00663697
-15.506,0.0775076,0.006279
-15.385,0.094083,0.00692595
-15.264,0.09537,0.00698299
-15.1431,0.102279,0.00724526
-15.0221,0.124614,0.00800052
-14.9011,0.121555,0.00793505
-14.7801,0.132593,0.00828466
-14.6591,0.138735,0.00847453
-14.5381,0.151905,0.00888902
-14.4172,0.160576,0.00915991
-14.2962,0.163668,0.00926238
-14.1752,0.196315,0.0101542
-14.0542,0.181926,0.00978095
-13.9332,0.25268,0.0116028
-13.8122,0.443725,0.0155269
-13.6913,0.459726,0.0158169
-13.5703,0.439692,0.0154538
-13.4493,0.518022,0.0167584
-13.3283,0.489522,0.0163152
-13.2073,0.462391,0.0158257
-13.0863,0.524549,0.0168528
-12.9654,0.507268,0.0165498
-12.8444,0.526329,0.0168658
-12.7234,0.528447,0.0168813
-12.6024,0.520202,0.0167609
-12.4814,0.608169,0.0181278
-12.3604,0.567247,0.0174676
-12.2395,0.58867,0.017806
-12.1185,0.61118,0.0181462
-11.9975,0.615717,0.0182117
-11.8765,0.611556,0.018156
-11.7555,0.583366,0.0177242
-11.6345,0.612664,0.018136
-11.5136,0.583,0.0176863
-11.3926,0.659428,0.0188373
-11.2716,0.676176,0.0190641
-11.1506,0.701883,0.0194223
-11.0296,0.665127,0.0188738
-10.9086,0.65752,0.0187667
-10.7877,0.722776,0.0196971
-10.6667,0.740727,0.0199381
-10.5457,0.737119,0.0198809
-10.4247,0.790986,0.0205906
-10.3037,0.731073,0.0198361
-10.1828,0.715872,0.0195903
-10.0618,0.751129,0.0200486
-9.94078,0.811694,0.0208809
-9.8198,0.814974,0.0209251
-9.69882,0.813072,0.02091
-9.57783,0.854189,0.0214259
-9.45685,0.872781,0.0216502
-9.33587,0.832742,0.0211372
-9.21488,0.87559,0.0217053
-9.0939,0.859919,0.0214909
-8.97292,0.905941,0.0220635
-8.85194,0.945797,0.0225319
-8.73095,0.907241,0.0220628
-8.60997,0.904713,0.0220435
-8.48899,0.910843,0.0221211
-8.368,0.994547,0.0231144
-8.24702,0.957314,0.0226921
-8.12604,0.943632,0.0225117
-8.00505,0.993058,0.0230949
-7.88407,0.99176,0.0230667
-7.76309,0.990601,0.0230533
-7.6421,0.989195,0.0230218
-7.52112,1.01064,0.0233027
-7.40014,1.08898,0.0241784
-7.27915,1.09693,0.0242641
-7.15817,1.1075,0.0243751
-7.03719,1.15067,0.0248638
-6.9162,1.16151,0.0249574
-6.79522,1.14561,0.0248012
-6.67424,1.18311,0.0252087
-6.55326,1.23258,0.0257294
-6.43227,1.29028,0.0263128
-6.31129,1.29566,0.0263763
-6.19031,1.38566,0.0272878
-6.06932,1.45333,0.0279282
-5.94834,1.43164,0.0276989
-5.82736,1.45911,0.0279724
-5.70637,1.51197,0.028464
-5.58539,1.58488,0.0291531
-5.46441,1.60724,0.0293131
-5.34342,1.69044,0.0300561
-5.22244,1.76226,0.0306988
-5.10146,1.8078,0.031066
-4.98047,1.92926,0.0320763
-4.85949,1.97902,0.0324633
-4.73851,2.17454,0.0339823
-4.61752,2.28279,0.0348218
-4.49654,2.4004,0.035669
-4.37556,2.61327,0.0371791
-4.25457,2.88639,0.0390008
-4.13359,3.15362,0.0407251
-4.01261,3.60854,0.043526
-3.89163,4.24163,0.0471402
-3.77064,5.02583,0.0512668
-3.64966,5.90727,0.0554946
-3.52868,6.92869,0.0600595
-3.40769,8.32452,0.0658032
-3.28671,9.88593,0.0716931
-3.16573,11.7484,0.0781531
-3.04474,13.929,0.0851132
-2.92376,16.7757,0.0934624
-2.80278,20.3058,0.102789
-2.68179,24.6267,0.113271
-2.56081,30.1094,0.125286
-2.43983,36.6136,0.138198
-2.31884,44.5597,0.152605
-2.19786,54.0152,0.168168
-2.07688,65.8607,0.186046
-1.95589,78.2411,0.203054
-1.83491,92.3288,0.220956
-1.71393,107.565,0.23894
-1.59295,124.753,0.257839
-1.47196,143.046,0.27672
-1.35098,163.053,0.296208
-1.23,185.004,0.31636
-1.10901,207.731,0.336072
-0.988029,230.97,0.355334
-0.867046,252.858,0.372623
-0.746063,272.132,0.38754
-0.62508,285.99,0.39808
-0.504097,293.912,0.404135
-0.383113,297.103,0.406821
-0.26213,295.102,0.405893
-0.141147,285.697,0.39958
-0.0201639,272.791,0.390791
0.100819,255.447,0.37827
0.221802,234.45,0.362485
0.342786,210.122,0.343206
0.463769,185.015,0.322116
0.584752,157.684,0.297226
0.705735,131.827,0.271682
0.826718,107.79,0.245544
0.947701,85.1799,0.218138
1.06868,66.4391,0.192553
1.18967,50.8001,0.168229
1.31065,38.52,0.146399
1.43163,29.1677,0.1273
1.55262,21.9382,0.110325
1.6736,17.0168,0.0971281
1.79458,13.6695,0.0870347
1.91557,11.4024,0.0794752
2.03655,9.90024,0.0741031
2.15753,8.94724,0.0704581
2.27852,8.28285,0.0678182
2.3995,7.8698,0.0661346
2.52048,7.58527,0.0649549
2.64147,7.27643,0.0636628
2.76245,7.03548,0.0626392
2.88343,6.58958,0.0606565
3.00442,6.4234,0.0599408
3.1254,6.28459,0.0593114
3.24638,6.06857,0.0583062
3.36736,5.97692,0.0578887
3.48835,5.73511,0.0567352
3.60933,5.70259,0.0566064
3.73031,5.45421,0.055395
3.8513,5.25249,0.0543848
3.97228,5.27061,0.0545081
4.09326,4.98323,0.0530374
4.21425,4.77798,0.0519536
4.33523,4.54072,0.0506771
4.45621,4.33361,0.0495243
4.5772,4.22294,0.0489214
4.69818,4.03522,0.0478524
4.81916,3.852,0.0467963
4.94015,3.61476,0.0453533
5.06113,3.54045,0.0449111
5.18211,3.29726,0.0433735
5.3031,3.17842,0.0426038
5.42408,2.93315,0.0409729
5.54506,2.87283,0.0405735
5.66605,2.80878,0.0401484
5.78703,2.59314,0.0386101
5.90801,2.56398,0.038408
6.02899,2.5081,0.0379903
6.14998,2.4523,0.037592
6.27096,2.44352,0.037532
6.39194,2.36032,0.0369261
6.51293,2.27128,0.036232
6.63391,2.22616,0.0359076
6.75489,2.1607,0.0353971
6.87588,2.21058,0.0358337
6.99686,2.1673,0.035496
7.11784,2.09689,0.034943
7.23883,2.14465,0.0353481
7.35981,2.08619,0.0348733
7.48079,2.0615,0.0346911
7.60178,2.07684,0.0348448
7.72276,2.02691,0.0344365
7.84374,2.05145,0.0346685
7.96473,2.05165,0.0346931
8.08571,2.02896,0.0345106
8.20669,1.89415,0.0333735
8.32767,1.9241,0.0336732
8.44866,1.77192,0.0323501
8.56964,1.70618,0.0318083
8.69062,1.54805,0.030302
8.81161,1.49381,0.0298054
8.93259,1.38866,0.0287805
9.05357,1.32817,0.0281676
9.17456,1.32928,0.0282124
9.29554,1.246,0.0273261
9.41652,1.1855,0.0266884
9.53751,1.09433,0.0256681
9.65849,1.08291,0.025567
9.77947,1.03995,0.0250759
9.90046,1.01299,0.0247708
10.0214,0.958843,0.0241189
10.1424,0.895495,0.0233304
10.2634,0.914758,0.0236004
10.3844,0.902363,0.023453
10.5054,0.825083,0.022466
10.6264,0.844613,0.0227334
10.7473,0.844877,0.0227666
10.8683,0.828509,0.022552
10.9893,0.778965,0.0218871
11.1103,0.777412,0.0218626
11.2313,0.788028,0.0220243
11.3523,0.775741,0.0219
11.4732,0.777528,0.0219528
11.5942,0.72807,0.0212285
11.7152,0.744775,0.0214759
11.8362,0.750055,0.0215889
11.9572,0.749598,0.0215756
12.0782,0.711373,0.0210414
12.1991,0.709926,0.0210562
12.3201,0.693376,0.0208283
12.4411,0.673573,0.0205315
12.5621,0.734443,0.0214515
12.6831,0.730307,0.0214102
12.8041,0.68481,0.0207452
12.925,0.671408,0.0205693
13.046,0.713449,0.0212347
13.167,0.706235,0.021114
13.288,0.710968,0.0212013
13.409,0.68966,0.0209054
13.53,0.692404,0.0209673
13.6509,0.635361,0.0200891
13.7719,0.734266,0.0216021
13.8929,0.686757,0.0209124
14.0139,0.677651,0.0207801
14.1349,0.666101,0.0206196
14.2559,0.653372,0.0204487
14.3768,0.669563,0.0206835
14.4978,0.644144,0.0202952
14.6188,0.669164,0.020715
14.7398,0.646362,0.0203695
14.8608,0.654014,0.0205145
14.9817,0.715716,0.0214651
15.1027,0.645991,0.0204049
15.2237,0.66107,0.0206476
15.3447,0.683855,0.0210185
15.4657,0.654756,0.0205872
15.5867,0.643109,0.0204028
15.7076,0.629899,0.0202198
15.8286,0.682909,0.0210698
15.9496,0.712926,0.0215412
16.0706,0.690542,0.0211992
16.1916,0.665081,0.0208329
16.3126,0.675866,0.0210095
16.4335,0.637959,0.0204206
16.5545,0.675128,0.0210273
16.6755,0.670597,0.0209721
16.7965,0.658551,0.0207888
16.9175,0.700873,0.0214581
17.0385,0.688019,0.0213054
17.1594,0.729054,0.0219276
17.2804,0.754526,0.0223096
17.4014,0.736908,0.0220784
17.5224,0.756988,0.0223917
17.6434,0.772507,0.0226279
17.7644,0.748901,0.0222894
17.8853,0.766043,0.022556
18.0063,0.72085,0.0219215
18.1273,0.80716,0.0232063
18.2483,0.73946,0.0222237
18.3693,0.772989,0.022732
18.4903,0.779413,0.0228485
18.6112,0.794839,0.0230797
18.7322,0.766456,0.022677
18.8532,0.758879,0.0225864
18.9742,0.832998,0.0236897
19.0952,0.807164,0.0233293
19.2162,0.820689,0.023558
19.3371,0.837137,0.023793
19.4581,0.846806,0.0239509
19.5791,0.853821,0.0240631
19.7001,0.874559,0.024349
19.8211,0.892481,0.0246173
19.9421,0.857209,0.0241384
20.063,0.862512,0.0242476
20.184,0.893197,0.0246875
20.305,0.844157,0.0239991
20.426,0.873707,0.0244253
20.547,0.866428,0.0243303
20.668,0.876636,0.0245178
20.7889,0.86999,0.0244281
20.9099,0.931591,0.0252779
21.0309,0.916266,0.0250927
21.1519,0.918274,0.0251488
21.2729,0.907005,0.0249956
21.3939,0.881043,0.0246528
21.5148,0.851234,0.0242378
21.6358,0.871782,0.024547
21.7568,0.854023,0.0243026
21.8778,0.867786,0.0245192
21.9988,0.90849,0.0251024
22.1198,0.885938,0.0248148
22.2407,0.881586,0.0247631
22.3617,0.898597,0.025019
22.4827,0.892686,0.0249511
22.6037,0.85528,0.0244168
22.7247,0.890368,0.0249406
22.8457,0.872666,0.0246983
22.9666,0.870967,0.0246717
23.0876,0.89245,0.0249996
23.2086,0.89938,0.0251193
23.3296,0.850048,0.0244622
23.4506,0.837042,0.0242616
23.5716,0.811303,0.0238793
23.6925,0.884439,0.0249809
23.8135,0.903541,0.0252726
23.9345,0.851503,0.0245424
24.0555,0.882921,0.0250117
24.1563,0.809121,0.0293318
24.2571,0.890565,0.0130129
24.3784,0.891531,0.0130139
24.5003,0.871187,0.0128078
24.6228,0.897981,0.0129692
24.7459,0.89765,0.0129284
24.8696,0.901388,0.0129074
24.994,0.87701,0.0126996
25.119,0.892791,0.0127813
25.2446,0.880966,0.0126573
25.3708,0.882189,0.0126309
25.4976,0.88446,0.0126303
25.6251,0.907737,0.0127522
25.7533,0.900684,0.0126606
25.882,0.905677,0.0126585
26.0114,0.905594,0.0126218
26.1415,0.892478,0.0125049
26.2722,0.930625,0.012728
26.4036,0.902057,0.0124964
26.5356,0.929218,0.0126677
26.6682,0.927588,0.0126237
26.8016,0.932026,0.0126146
26.9356,0.908555,0.0124215
27.0703,0.930417,0.0125422
27.2056,0.914949,0.0124142
27.3417,0.954331,0.0126451
27.4784,0.945072,0.0125534
27.6158,0.960993,0.0126256
27.7538,0.977195,0.0127063
27.8926,0.985922,0.0127351
28.0321,0.980396,0.0126717
28.1722,0.989502,0.0127093
28.3131,1.00743,0.0127847
28.4547,1.00651,0.0127515
28.5969,1.04043,0.0129385
28.7399,1.05032,0.0129717
28.8836,1.03461,0.0128381
29.028,1.0424,0.0128517
29.1732,1.04873,0.0128708
29.319,1.04699,0.0128288
29.4656,1.07012,0.0129485
29.613,1.0756,0.0129565
29.761,1.0418,0.0127234
29.9098,1.04718,0.0127262
30.0594,1.06523,0.0128023
30.2097,1.07558,0.0128471
30.3607,1.07209,0.0128003
30.5125,1.07348,0.0127773
30.6651,1.05568,0.0126369
30.8184,1.05568,0.0126143
30.9725,1.07784,0.0127189
31.1274,1.05325,0.0125532
31.283,1.07315,0.012636
31.4394,1.06594,0.0125713
31.5966,1.06554,0.0125466
31.7546,1.07877,0.0125954
31.9134,1.0521,0.0124104
32.0729,1.056,0.0124096
32.2333,1.05589,0.0123793
32.3945,1.06688,0.0124124
32.5564,1.06107,0.0123595
32.7192,1.07182,0.0124003
32.8828,1.05827,0.0122891
33.0472,1.0642,0.0122946
33.2125,1.08907,0.0124157
33.3785,1.11243,0.0125159
33.5454,1.12363,0.0125544
33.7132,1.11746,0.0124943
33.8817,1.12483,0.0125015
34.0511,1.1162,0.0124285
34.2214,1.13532,0.0125062
34.3925,1.16919,0.0126619
34.5645,1.15934,0.0125921
34.7373,1.18533,0.0127017
34.911,1.20699,0.0127884
35.0855,1.21186,0.0127884
35.2609,1.21697,0.0127814
35.4373,1.24026,0.0128782
35.6144,1.22478,0.0127687
35.7925,1.27268,0.0129893
35.9715,1.28468,0.0130247
36.1513,1.30932,0.0131206
36.3321,1.28806,0.0129856
36.5137,1.29877,0.0130101
36.6963,1.30347,0.0130073
36.8798,1.31875,0.0130543
37.0642,1.3272,0.0130714
37.2495,1.33491,0.0130774
37.4358,1.33673,0.0130617
37.6229,1.37791,0.0132311
37.8111,1.34962,0.0130664
38.0001,1.34883,0.0130315
38.1901,1.34341,0.0129801
38.3811,1.36366,0.0130502
38.573,1.3603,0.0130146
38.7658,1.34048,0.0128866
38.9597,1.34108,0.0128629
39.1545,1.3758,0.0129974
39.3502,1.37062,0.0129441
39.547,1.37116,0.0129148
39.7447,1.34514,0.0127699
39.9434,1.35766,0.0127965
40.1432,1.35162,0.0127411
40.3439,1.34258,0.0126693
40.5456,1.36675,0.0127528
40.7483,1.34968,0.0126466
40.9521,1.35787,0.0126605
41.1568,1.37736,0.0127261
41.3626,1.35895,0.0126158
41.5694,1.35873,0.0125845
41.7773,1.37313,0.0126244
41.9862,1.36088,0.0125365
42.1961,1.36345,0.0125208
42.4071,1.37114,0.0125297
42.6191,1.37094,0.0125015
42.8322,1.40292,0.0126218
43.0464,1.4152,0.0126499
43.2616,1.41501,0.0126237
43.4779,1.44417,0.0127299
43.6953,1.45991,0.012764
43.9138,1.48762,0.0128595
44.1333,1.48815,0.0128382
44.354,1.5123,0.0129111
44.5758,1.52382,0.012938
44.7987,1.55399,0.0130396
45.0226,1.55593,0.0130243
45.2478,1.5701,0.0130544
45.474,1.59638,0.0131335
45.7014,1.61842,0.0131985
45.9299,1.61314,0.0131483
46.1595,1.62556,0.0131758
46.3903,1.6075,0.013079
46.6223,1.60556,0.013033
46.8554,1.61077,0.0130379
47.0897,1.59633,0.0129532
47.3251,1.61784,0.0130168
47.5617,1.62969,0.013039
47.7995,1.59758,0.0128854
48.0385,1.60522,0.0128868
48.2787,1.60786,0.0128741
48.5201,1.57857,0.0127302
48.7627,1.60258,0.0128011
49.0065,1.56406,0.0126295
49.2516,1.59712,0.0127305
49.4978,1.61041,0.0127594
49.7453,1.59023,0.0126558
49.994,1.58358,0.0126045
50.244,1.59586,0.0126309
50.4952,1.61336,0.0126769
50.7477,1.59264,0.0125698
51.0015,1.59439,0.0125576
51.2565,1.59283,0.0125294
51.5127,1.58458,0.0124737
51.7703,1.59762,0.0125029
52.0292,1.58034,0.0124171
52.2893,1.5973,0.0124581
52.5507,1.57318,0.0123449
52.8135,1.55482,0.0122515
53.0776,1.56411,0.0122648
53.343,1.55111,0.0121953
53.6097,1.53371,0.0121111
53.8777,1.51346,0.0120079
54.1471,1.48647,0.011878
54.4178,1.49384,0.0118864
54.6899,1.45514,0.0117122
54.9634,1.45471,0.0116922
55.2382,1.44197,0.0116239
55.5144,1.4272,0.0115429
55.792,1.41713,0.0114814
56.0709,1.41157,0.0114423
56.3513,1.39775,0.0113689
56.633,1.39578,0.0113417
56.9162,1.40494,0.0113586
57.2008,1.40226,0.0113326
57.4868,1.42192,0.0113923
57.7742,1.41091,0.0113321
58.0631,1.41545,0.0113289
58.3534,1.4058,0.0112747
58.6452,1.41852,0.0113067
58.9384,1.4396,0.0113719
59.2331,1.43487,0.011336
59.5293,1.44247,0.0113461
59.8269,1.46301,0.0114062
60.126,1.46885,0.0114138
60.4267,1.48309,0.0114472
60.7288,1.48757,0.0114452
61.0324,1.51045,0.0115144
61.3376,1.54329,0.0116198
61.6443,1.53452,0.0115715
61.9525,1.57384,0.0116958
62.2623,1.58527,0.0117235
62.5736,1.586,0.011705
62.8865,1.60108,0.0117418
63.2009,1.62743,0.0118228
63.5169,1.62677,0.0118021
63.8345,1.64971,0.011866
64.1537,1.67853,0.0119498
64.4744,1.6753,0.0119232
64.7968,1.69433,0.0119735
65.1208,1.72317,0.0120567
65.4464,1.74382,0.0121126
65.7736,1.76447,0.0121648
66.1025,1.77672,0.0121934
66.433,1.82342,0.0123325
66.7652,1.83226,0.0123483
67.099,1.85195,0.0123992
67.4345,1.86744,0.0124355
67.7716,1.87158,0.0124352
68.1105,1.90115,0.0125148
68.4511,1.9167,0.0125512
68.7933,1.90719,0.0125055
69.1373,1.92409,0.0125494
69.483,1.91692,0.0125082
69.8304,1.89895,0.0124357
70.1795,1.88756,0.0123837
70.5304,1.90348,0.0124224
70.8831,1.90805,0.0124232
71.2375,1.89181,0.0123553
71.5937,1.87486,0.0122852
71.9517,1.86269,0.0122323
72.3114,1.86699,0.012232
72.673,1.90128,0.0123317
73.0363,1.87734,0.0122388
73.4015,1.88297,0.0122434
73.7685,1.88547,0.0122376
74.1374,1.85764,0.0121279
74.5081,1.86369,0.0121336
74.8806,1.86326,0.0121128
75.255,1.87461,0.0121325
75.6313,1.87588,0.0121195
76.0094,1.89492,0.0121628
76.3895,1.88994,0.012135
76.7714,1.88782,0.0121093
77.1553,1.91806,0.0121897
77.5411,1.91849,0.012172
77.9288,1.91581,0.0121484
78.3184,1.93413,0.0121852
78.71,1.94321,0.0121964
79.1035,1.96097,0.0122352
79.4991,1.98591,0.0122993
79.8966,2.00321,0.0123329
80.296,2.0074,0.0123312
80.6975,2.02144,0.0123543
81.101,2.00921,0.0123024
81.5065,2.01398,0.0122994
81.9141,2.01469,0.0122847
82.3236,2.0214,0.0122886
82.7352,2.04051,0.0123337
83.1489,2.00679,0.0122172
83.5647,2.044,0.0123145
83.9825,2.03498,0.0122698
84.4024,2.01543,0.0121972
84.8244,2.01211,0.0121702
85.2485,2.00119,0.0121248
85.6748,2.01693,0.0121584
86.1031,2.00376,0.0121046
86.5337,2.00587,0.0120967
86.9663,2.00527,0.012083
87.4012,2.01351,0.0120933
87.8382,2.02448,0.0121136
88.2774,2.0033,0.0120343
88.7187,2.01188,0.0120426
89.1623,2.0238,0.0120648
89.6082,2.01771,0.0120264
90.0562,1.9861,0.0119126
90.5065,1.97325,0.0118582
90.959,1.96807,0.0118248
91.4138,1.94966,0.0117519
91.8709,1.94913,0.0117342
92.3302,1.9096,0.0115975
92.7919,1.92837,0.0116375
93.2558,1.91834,0.0115922
93.7221,1.91636,0.0115677
94.1907,1.91032,0.0115297
94.6617,1.90539,0.0115011
95.135,1.89701,0.0114587
95.6107,1.86969,0.0113592
96.0887,1.86199,0.0113202
96.5692,1.85435,0.0112803
97.052,1.83647,0.0112111
97.5373,1.83037,0.0111767
98.0249,1.82375,0.0111419
98.5151,1.81869,0.0111098
99.0076,1.79315,0.011014
99.5027,1.78315,0.0109689
100,1.76484,0.0108967
100.5,1.77532,0.0109134
101.003,1.77664,0.0109019
101.508,1.7674,0.0108582
102.015,1.78615,0.0108987
102.525,1.8031,0.0109378
103.038,1.82572,0.0109933
103.553,1.8178,0.0109535
104.071,1.85391,0.0110476
104.591,1.87342,0.0110913
105.114,1.8524,0.0110148
105.64,1.85155,0.0109979
106.168,1.88257,0.0110813
106.699,1.88341,0.0110707
107.232,1.86772,0.0110098
107.768,1.84747,0.0109403
108.307,1.83729,0.0108964
108.849,1.83004,0.0108631
109.393,1.84553,0.010894
109.94,1.81625,0.0107943
110.49,1.83659,0.0108454
111.042,1.83499,0.0108295
111.597,1.84609,0.0108503
112.155,1.86291,0.0108884
112.716,1.85088,0.0108441
113.28,1.86695,0.0108816
113.846,1.886,0.0109262
114.415,1.86131,0.0108482
114.987,1.86581,0.0108482
115.562,1.87192,0.0108561
116.14,1.88026,0.0108755
116.721,1.84911,0.0107768
117.305,1.84725,0.0107636
117.891,1.87631,0.0108413
118.481,1.85855,0.0107822
119.073,1.83222,0.0107016
119.668,1.85,0.0107475
120.267,1.82433,0.010665
120.868,1.82724,0.010668
121.472,1.83217,0.0106764
122.08,1.81093,0.0106087
122.69,1.81205,0.0106057
123.304,1.81623,0.0106107
123.92,1.82627,0.0106354
124.54,1.82869,0.0106366
125.162,1.84394,0.0106714
125.788,1.84897,0.0106807
126.417,1.83523,0.0106356
127.049,1.8315,0.010618
127.684,1.83549,0.0106224
128.323,1.82562,0.0105872
128.964,1.82331,0.010572
129.609,1.82264,0.0105651
130.257,1.8077,0.0105139
130.909,1.79078,0.0104602
131.563,1.74894,0.0103297
132.221,1.74713,0.0103178
132.882,1.73974,0.0102861
133.546,1.73726,0.0102729
134.214,1.72372,0.0102261
134.885,1.75058,0.0102967
135.56,1.76434,0.0103307
136.238,1.76969,0.0103405
136.919,1.79495,0.0104095
137.603,1.78903,0.0103861
138.291,1.78834,0.0103748
138.983,1.80952,0.0104321
139.678,1.79596,0.010389
140.376,1.78413,0.0103434
141.078,1.81229,0.0104179
141.783,1.82258,0.0104427
142.492,1.86073,0.0105445
143.205,1.90574,0.0106638
143.921,1.94959,0.010782
144.64,1.97784,0.010854
145.364,1.98627,0.0108744
146.09,2.01122,0.0109375
146.821,1.96838,0.0108151
147.555,1.94095,0.0107349
148.293,1.91079,0.0106452
149.034,1.8665,0.0105136
149.779,1.87604,0.0105362
150.528,1.87803,0.0105343
151.281,1.92095,0.0106509
152.037,1.89331,0.0105682
152.797,1.88705,0.0105459
153.561,1.87833,0.0105183
154.329,1.86313,0.0104681
155.101,1.83962,0.0103954
155.876,1.81198,0.010316
156.656,1.79587,0.0102662
157.439,1.79147,0.0102513
158.226,1.74852,0.0101222
159.017,1.71528,0.0100226
159.812,1.71728,0.0100259
160.612,1.71617,0.0100192
161.415,1.7263,0.0100482
162.222,1.72498,0.0100428
163.033,1.76064,0.0101457
163.848,1.78203,0.0102043
164.667,1.78918,0.0102245
165.491,1.8122,0.010292
166.318,1.79116,0.0102356
167.15,1.77448,0.0101855
167.985,1.7389,0.0100849
168.825,1.71635,0.0100194
169.669,1.66756,0.0098745
170.518,1.63109,0.00976553
171.37,1.60336,0.00968154
172.227,1.59711,0.00966287
173.088,1.56796,0.00957224
173.954,1.54418,0.00950162
174.823,1.52697,0.0094491
175.698,1.53698,0.00948208
176.576,1.52793,0.00945321
177.459,1.49645,0.00935644
178.346,1.50757,0.00938766
179.238,1.50444,0.00937753
180.134,1.50531,0.00937932
181.035,1.47919,0.00929797
181.94,1.49945,0.00936002
182.85,1.50526,0.00937676
183.764,1.4895,0.00932795
184.683,1.46497,0.00924925
185.606,1.43859,0.00916496
186.534,1.40566,0.0090588
187.467,1.34894,0.00887283
188.404,1.3191,0.00877228
189.346,1.28983,0.00867393
190.293,1.23516,0.00848802
191.244,1.21011,0.00840002
192.201,1.20024,0.00836664
193.162,1.16295,0.0082328
194.128,1.13208,0.00812415
195.098,1.11757,0.00807172
196.074,1.08808,0.00796431
197.054,1.08032,0.00793583
198.039,1.05277,0.00783506
199.029,1.06251,0.00787001
200.025,1.0503,0.00782236
201.025,1.04272,0.00779295
202.03,1.02056,0.00770857
203.04,1.01461,0.00768697
204.055,1.0144,0.00768543
205.075,1.00793,0.00766081
206.101,0.986299,0.00757782
207.131,0.985076,0.00757263
208.167,0.996122,0.00761502
209.208,1.00322,0.00764233
210.254,0.990292,0.0075944
211.305,0.986985,0.00758359
212.362,0.973414,0.00753238
213.424,0.981397,0.00756489
214.491,0.97307,0.0075355
215.563,0.980598,0.0075655
216.641,0.971683,0.00753522
217.724,0.966651,0.00751625
218.813,0.974107,0.00754758
219.907,0.969381,0.00753408
221.006,0.982707,0.00758583
222.111,0.990541,0.0076198
223.222,0.988409,0.00761006
224.338,0.983582,0.00759634
225.46,0.989555,0.00761841
226.587,0.985632,0.00760346
227.72,0.994442,0.00763725
228.859,0.995171,0.00763608
230.003,1.00452,0.00767237
231.153,0.98988,0.0076151
232.309,0.985191,0.00759629
233.47,0.984584,0.00759169
234.638,0.974306,0.00755066
235.811,0.986545,0.00759923
236.99,0.966941,0.00751963
238.175,0.958,0.00748516
239.366,0.946469,0.00744251
240.562,0.937764,0.00741194
241.765,0.942285,0.00742701
242.974,0.927987,0.00737119
244.189,0.905012,0.00728085
245.41,0.920329,0.00734535
246.637,0.895524,0.00724338
247.87,0.893568,0.00723665
249.109,0.88939,0.00722136
250.355,0.888575,0.00722095
251.607,0.871865,0.00715199
252.865,0.86357,0.00711999
254.129,0.870338,0.00714746
255.4,0.8719,0.00715425
256.677,0.869691,0.00714707
257.96,0.868555,0.00714304
259.25,0.860665,0.00711328
260.546,0.8683,0.00714607
261.849,0.870043,0.0071557
263.158,0.868331,0.00715144
264.474,0.864806,0.00713508
265.796,0.871766,0.00716497
267.125,0.859502,0.0071166
268.461,0.865877,0.00714286
269.803,0.872773,0.00717462
271.152,0.852156,0.00709265
272.508,0.865305,0.007151
273.871,0.871588,0.00717872
275.24,0.871343,0.00718211
276.616,0.883078,0.00723362
277.999,0.87572,0.00720918
279.389,0.869476,0.00718352
280.786,0.874992,0.00721169
282.19,0.869611,0.0071915
283.601,0.876316,0.00722253
285.019,0.891472,0.0072919
286.444,0.899131,0.00732883
287.876,0.900112,0.00733954
289.316,0.904732,0.00736316
290.762,0.891246,0.0073153
292.216,0.906452,0.00738378
293.677,0.912274,0.00741349
295.146,0.907131,0.00739438
296.621,0.905803,0.00739802
298.104,0.893024,0.00735212
299.595,0.879229,0.00730015
301.093,0.873531,0.00728531
302.598,0.841559,0.00715609
304.111,0.829966,0.00711499
305.632,0.820706,0.0070798
307.16,0.817324,0.00707365
308.696,0.783708,0.00693374
310.239,0.776546,0.00691104
311.791,0.753864,0.00681561
313.35,0.750504,0.00680971
314.916,0.739862,0.00676883
316.491,0.725478,0.00671083
318.073,0.720209,0.00669334
319.664,0.712378,0.00666652
321.262,0.70726,0.00665136
322.868,0.697584,0.00661451
324.483,0.677917,0.00652973
326.105,0.683505,0.00656673
327.736,0.66953,0.00650909
329.374,0.673701,0.00653543
331.021,0.66046,0.00647987
332.676,0.656985,0.0064725
334.34,0.651549,0.00645245
336.011,0.632384,0.00636293
337.691,0.64036,0.00641428
339.38,0.62296,0.00633387
341.077,0.616976,0.00630837
342.782,0.614918,0.00630854
344.496,0.607819,0.0062805
346.218,0.594354,0.00621566
347.95,0.589102,0.00619757
349.689,0.585071,0.00618442
351.438,0.575241,0.00613951
353.195,0.586543,0.00620796
354.961,0.584956,0.00620998
356.736,0.58207,0.00619956
358.519,0.569843,0.00614365
360.312,0.564121,0.00611819
362.114,0.549707,0.00604896
363.924,0.550257,0.00606191
365.744,0.545029,0.00604027
367.572,0.548512,0.0060678
369.41,0.529456,0.00597043
371.257,0.547754,0.00608371
373.114,0.546782,0.00608994
374.979,0.54146,0.00606628
376.854,0.54318,0.0060878
378.738,0.541427,0.00608603
380.632,0.535992,0.00606309
382.535,0.52066,0.00598913
384.448,0.531344,0.00605623
386.37,0.53153,0.00607013
388.302,0.522509,0.00602619
390.244,0.527633,0.00606485
392.195,0.522382,0.00604445
394.156,0.517252,0.0060287
396.127,0.512526,0.00600852
398.107,0.518259,0.00604754
400.098,0.509903,0.00601104
402.098,0.513065,0.00604228
404.109,0.508495,0.00602639
406.129,0.516453,0.00608351
408.16,0.520183,0.00611641
410.201,0.50552,0.00604196
412.252,0.505608,0.00605475
414.313,0.510108,0.0060922
416.384,0.506091,0.00607954
418.466,0.502927,0.00607357
420.559,0.492959,0.00602454
422.662,0.495236,0.00605105
424.775,0.486794,0.006008
426.899,0.491741,0.00605509
429.033,0.490674,0.00606095
431.178,0.490156,0.00606765
433.334,0.499993,0.00613821
435.501,0.480195,0.00602814
437.678,0.488264,0.00609244
439.867,0.475672,0.00602334
442.066,0.472227,0.00601148
444.276,0.469225,0.00600484
446.498,0.468151,0.00600673
448.73,0.460413,0.00597252
450.974,0.460924,0.00598742
453.229,0.470428,0.00606179
455.495,0.461526,0.0060179
457.773,0.470695,0.00608967
460.061,0.459429,0.00602532
462.362,0.453266,0.00600112
464.673,0.442746,0.00594115
466.997,0.440263,0.005939
469.332,0.441307,0.0059605
471.679,0.426596,0.00587433
474.037,0.420874,0.00585123
476.407,0.41129,0.00579936
478.789,0.40991,0.00579946
481.183,0.419074,0.00588358
483.589,0.409484,0.0058238
486.007,0.401734,0.00578685
488.437,0.392464,0.00572978
490.879,0.396435,0.00576988
493.334,0.390504,0.00574047
495.8,0.390187,0.00575244
498.279,0.38421,0.00572114
500.771,0.379532,0.00570322
503.274,0.37926,0.00571017
505.791,0.372527,0.00567112
508.32,0.371105,0.00567461
510.861,0.377083,0.00573403
513.416,0.371838,0.00570539
515.983,0.3661,0.00567892
518.563,0.376374,0.00577636
521.155,0.372627,0.00575639
523.761,0.37205,0.0057693
526.38,0.37119,0.00577568
529.012,0.37744,0.00583934
531.657,0.369846,0.00579719
534.315,0.375672,0.00585925
536.987,0.363801,0.00578212
539.672,0.375594,0.00588509
542.37,0.374165,0.00589326
545.082,0.376228,0.00592585
547.807,0.380491,0.00597337
550.546,0.370338,0.0059112
553.299,0.377134,0.00597927
556.066,0.378869,0.00601248
558.846,0.37512,0.00599571
561.64,0.382508,0.00607341
564.448,0.37596,0.00603848
567.271,0.377447,0.00607141
570.107,0.369375,0.0060188
572.958,0.373261,0.00606324
575.822,0.378838,0.00612964
578.702,0.373252,0.00609951
581.595,0.375248,0.00613459
584.503,0.370148,0.00610647
587.426,0.370576,0.00613429
590.363,0.385055,0.00626538
593.314,0.383165,0.00626827
596.281,0.384299,0.00629724
599.262,0.383033,0.00630847
602.259,0.38195,0.00631682
605.27,0.388969,0.006395
608.296,0.403531,0.00653255
611.338,0.394688,0.00647689
614.395,0.402399,0.00655998
617.467,0.405703,0.00661076
620.554,0.411574,0.00667616
623.657,0.423847,0.00679885
626.775,0.431238,0.00687676
629.909,0.436574,0.00694008
633.058,0.455198,0.00710806
636.224,0.46291,0.00719078
639.405,0.485158,0.00738673
642.602,0.49137,0.00745821
645.815,0.500458,0.00754498
649.044,0.499516,0.0075618
652.289,0.490515,0.00751903
655.551,0.483711,0.00749108
658.828,0.488001,0.00754806
662.122,0.493912,0.00762059
665.433,0.495971,0.00765832
668.76,0.513565,0.00781197
672.104,0.527593,0.00794574
675.464,0.533103,0.0080074
678.842,0.517214,0.00791382
682.236,0.506685,0.00785966
685.647,0.489842,0.00775205
689.075,0.490353,0.00778271
692.521,0.487545,0.00778422
695.983,0.488243,0.00782004
699.463,0.498956,0.00793186
702.961,0.512106,0.0080596
706.475,0.513925,0.00810185
710.008,0.51636,0.00814225
713.558,0.527103,0.00825891
717.126,0.522733,0.00825058
720.711,0.517402,0.00823513
724.315,0.496606,0.00809292
727.936,0.499426,0.00814349
731.576,0.494107,0.00813252
735.234,0.497493,0.00818347
738.91,0.498777,0.00822406
742.605,0.494505,0.00821753
746.318,0.477429,0.00810913
750.049,0.467735,0.00805044
753.8,0.467153,0.00805961
757.569,0.468896,0.00810586
761.356,0.459393,0.00805346
765.163,0.465853,0.00814224
768.989,0.449484,0.00802521
772.834,0.450754,0.00806095
776.698,0.457413,0.00814772
780.582,0.479537,0.00836656
784.485,0.462887,0.00824771
788.407,0.452468,0.00818436
792.349,0.438697,0.0080852
796.311,0.43617,0.00809262
800.292,0.44301,0.00818414
804.294,0.426115,0.00804846
808.315,0.434698,0.00815985
812.357,0.43498,0.00818855
816.419,0.436112,0.00822586
820.501,0.437725,0.00827187
824.603,0.420668,0.00813125
828.726,0.405136,0.00800647
832.87,0.416978,0.00816054
837.034,0.400607,0.00802621
841.219,0.391389,0.00796506
845.425,0.41353,0.00821943
849.653,0.38599,0.00796642
853.901,0.370533,0.00783225
858.17,0.360906,0.0077614
862.461,0.364145,0.00782207
866.773,0.363158,0.0078422
871.107,0.358224,0.00781408
875.463,0.353572,0.00778358
879.84,0.338516,0.00764409
884.239,0.347353,0.00778021
888.661,0.34307,0.00775675
893.104,0.343668,0.00779358
897.569,0.33109,0.00767559
902.057,0.324537,0.00763178
906.568,0.318196,0.00757949
911.1,0.324214,0.00769143
915.656,0.312783,0.00756897
920.234,0.305448,0.00750895
924.835,0.295665,0.00741498
929.46,0.302025,0.0075172
934.107,0.302409,0.00755952
938.777,0.297585,0.00752439
943.471,0.297459,0.00754684
948.189,0.292398,0.00751851
952.93,0.298439,0.00762947
957.694,0.299708,0.00766061
962.483,0.29074,0.00758287
967.295,0.286871,0.00756007
972.132,0.290922,0.00764213
976.992,0.287849,0.00763148
981.877,0.285402,0.00763008
986.787,0.294255,0.00777597
991.72,0.284116,0.00767705
996.679,0.284904,0.00772244
1001.66,0.289937,0.00781233
1006.67,0.303614,0.00801758
1011.7,0.288086,0.00783887
1016.76,0.288929,0.00788242
1021.85,0.295007,0.00799026
1026.96,0.313404,0.00827149
1032.09,0.31432,0.00831709
1037.25,0.31954,0.00841665
1042.44,0.301763,0.00820929
1047.65,0.285612,0.0080208
1052.89,0.283373,0.00802273
1058.15,0.298079,0.00826461
1063.44,0.314742,0.00852608
1068.76,0.321102,0.00864295
1074.1,0.338265,0.00890789
1079.47,0.361766,0.00923897
1084.87,0.392325,0.00966571
1090.3,0.429662,0.0101419
1095.75,0.495654,0.0109362
1101.23,0.562908,0.0117025
1106.73,0.620232,0.0123224
1112.27,0.642645,0.0125881
1117.83,0.635091,0.0125488
1123.42,0.615821,0.0124017
1129.03,0.575307,0.0120389
1134.68,0.530677,0.0116147
1140.35,0.517202,0.0115223
1146.05,0.576872,0.0122274
1151.78,0.689534,0.0134129
1157.54,0.751415,0.0140352
1163.33,0.684933,0.0134289
1169.15,0.57729,0.0123809
1174.99,0.501518,0.0115988
1180.87,0.496278,0.0116117
1186.77,0.522363,0.0119533
1192.71,0.514306,0.0119185
1198.67,0.539821,0.012258
1204.66,0.526152,0.0121403
1210.69,0.527258,0.0121901
1216.74,0.539405,0.01239
1222.82,0.542819,0.0124812
1228.94,0.560275,0.012736
1235.08,0.569304,0.0128917
1241.26,0.551634,0.012753
1247.46,0.568235,0.0129781
1253.7,0.563324,0.0129633
1259.97,0.56277,0.0130295
1266.27,0.564613,0.0131269
1272.6,0.556521,0.013059
1278.96,0.564136,0.0131993
1285.36,0.55658,0.0131686
1291.79,0.562235,0.0133073
1298.24,0.566311,0.013402
1304.74,0.553416,0.0133071
1311.26,0.544051,0.0132385
1317.82,0.555521,0.0134403
1324.41,0.538575,0.0132812
1331.03,0.548419,0.0134642
1337.68,0.545688,0.0135056
1344.37,0.553616,0.0136632
1351.09,0.549375,0.0136629
1357.85,0.546047,0.0136558
1364.64,0.549698,0.0137453
1371.46,0.562561,0.0139776
1378.32,0.584571,0.0142999
1385.21,0.624079,0.0148504
1392.14,0.596558,0.0145729
1399.1,0.628247,0.0150117
1406.09,0.642516,0.0152202
1413.12,0.657969,0.0154606
1420.19,0.703597,0.0160837
1427.29,0.770616,0.0168779
1434.43,0.842118,0.0177289
1441.6,0.895327,0.0183548
1448.81,0.883827,0.018297
1456.05,0.909371,0.0186525
1463.33,0.86716,0.0182512
1470.65,0.845522,0.0180873
1478,0.85256,0.0182274
1485.39,0.823116,0.017971
1492.82,0.783206,0.017621
1500.28,0.753452,0.0173665
1507.78,0.752599,0.0174177
1515.32,0.751602,0.0175014
1522.9,0.73491,0.0173631
1530.51,0.748107,0.0175798
1538.16,0.760207,0.0178046
1545.86,0.741394,0.0176662
1553.58,0.757519,0.0178944
1561.35,0.763246,0.0180443
1569.16,0.770932,0.0181993
1577,0.763334,0.0181951
1584.89,0.766657,0.0183275
1592.81,0.774616,0.0184866
1600.78,0.733829,0.018054
1608.78,0.741496,0.0182402
1616.83,0.753163,0.0184311
1624.91,0.75397,0.0184883
1633.03,0.754079,0.0185526
1641.2,0.749626,0.0185681
1649.41,0.715323,0.018218
1657.65,0.708802,0.0181901
1665.94,0.694598,0.0180801
1674.27,0.727166,0.0185975
1682.64,0.681298,0.0180495
1691.06,0.696352,0.0183025
1699.51,0.692794,0.0183504
1708.01,0.685702,0.0183523
1716.55,0.688443,0.0184361
1725.13,0.687927,0.0184729
1733.76,0.690707,0.0185815
1742.43,0.68653,0.0185982
1751.14,0.670872,0.0184318
1759.89,0.674194,0.0185575
1768.69,0.672596,0.0186214
1777.54,0.684887,0.0188604
1786.42,0.635945,0.0182542
1795.36,0.662795,0.0187172
1804.33,0.647389,0.018502
1813.35,0.639562,0.0184593
1822.42,0.613555,0.0181534
1831.53,0.594891,0.0179041
1840.69,0.609697,0.0182317
1849.89,0.631385,0.0186224
1859.14,0.627612,0.0186657
1868.44,0.60773,0.018422
1877.78,0.630145,0.0188071
1887.17,0.614215,0.0186145
1896.61,0.603505,0.0185259
1906.09,0.606969,0.0186233
1915.62,0.566462,0.018068
1925.2,0.599781,0.0186835
1934.82,0.573527,0.0183259
1944.5,0.56523,0.0182279
1954.22,0.560898,0.0182035
1963.99,0.590137,0.0187522
1973.81,0.558953,0.0183081
1983.68,0.563019,0.0184578
1993.6,0.539005,0.0181088
2003.57,0.517989,0.0178184
2013.59,0.541236,0.0182608
2023.65,0.528286,0.0181118
2033.77,0.521723,0.018069
2043.94,0.518329,0.018062
2054.16,0.518761,0.0181207
2064.43,0.532696,0.0184093
2074.75,0.508734,0.0180371
2085.13,0.50123,0.0179899
2095.55,0.517167,0.0182988
2106.03,0.521103,0.018451
2116.56,0.519444,0.0184891
2127.14,0.513166,0.0184406
2137.78,0.50654,0.0183766
2148.47,0.49091,0.0181214
2159.21,0.48319,0.0180584
2170.01,0.524704,0.0188671
2180.86,0.506295,0.018608
2191.76,0.4957,0.0184729
2202.72,0.481774,0.0182911
2213.73,0.454049,0.0177713
2224.8,0.468705,0.018172
2235.93,0.508274,0.0189862
2247.11,0.526034,0.0193467
2258.34,0.499693,0.0188982
2269.63,0.498584,0.0189438
2280.98,0.459014,0.0182343
2292.39,0.479141,0.0186878
2303.85,0.480058,0.0187853
2315.37,0.459145,0.0183911
2326.94,0.454274,0.0183381
2338.58,0.461741,0.0185612
2350.27,0.457318,0.0185419
2362.02,0.47325,0.0189105
2373.83,0.437889,0.0182163
2385.7,0.44551,0.0184496
2397.63,0.446403,0.0185474
2409.62,0.46335,0.0189518
2421.67,0.460319,0.0189493
2433.77,0.427195,0.0182739
2445.94,0.44577,0.0187277
2458.17,0.468265,0.0193083
2470.46,0.442332,0.0187715
2482.82,0.433279,0.0186411
2495.23,0.455221,0.0191922
2507.71,0.434948,0.0187727
2520.25,0.431199,0.0187249
2532.85,0.498258,0.0202054
2545.51,0.479467,0.0199299
2558.24,0.470223,0.0197559
2571.03,0.453118,0.0194481
2583.88,0.461234,0.0196923
2596.8,0.486374,0.020252
2609.79,0.448912,0.019489
2622.84,0.452865,0.019666
2635.95,0.468112,0.0200243
2649.13,0.464971,0.0200111
2662.38,0.459815,0.020003
2675.69,0.471414,0.0202685
2689.07,0.45615,0.0200126
2702.51,0.489519,0.0208293
2716.02,0.467134,0.020431
2729.61,0.459518,0.0202615
2743.25,0.485181,0.0208698
2756.97,0.484926,0.020924
2770.75,0.482762,0.020958
2784.61,0.477041,0.0208986
2798.53,0.474918,0.0209133
2812.52,0.483939,0.0211521
2826.59,0.500254,0.0216099
2840.72,0.497453,0.0216166
2854.92,0.480749,0.0212683
2869.2,0.473224,0.0211399
2883.54,0.509282,0.0219936
2897.96,0.52076,0.0222894
2912.45,0.530235,0.0225988
2927.01,0.555306,0.0231851
2941.65,0.552466,0.0231558
2956.36,0.585204,0.0239062
2971.14,0.583055,0.0239433
2985.99,0.59568,0.0243009
3000.92,0.569444,0.0237858
3015.93,0.604687,0.024582
3031.01,0.621865,0.0249582
3046.16,0.595162,0.0245579
3061.39,0.60671,0.0248247
3076.7,0.612559,0.0249977
3092.08,0.607416,0.0250138
3107.54,0.631252,0.0255233
3123.08,0.61731,0.0252686
3138.7,0.62543,0.0255815
3154.39,0.628132,0.025697
3170.16,0.640747,0.0259947
3186.01,0.630896,0.0258757
3201.94,0.659411,0.0265421
3217.95,0.650466,0.0264336
3234.04,0.615416,0.0258381
3250.21,0.602567,0.0256586
3266.47,0.607527,0.0257547
3282.8,0.624486,0.0262611
3299.21,0.652311,0.0270013
3315.71,0.633542,0.0265863
3332.29,0.614953,0.0263467
3348.95,0.591698,0.025843
3365.69,0.639156,0.0268989
3382.52,0.625139,0.0267363
3399.43,0.613554,0.0265726
3416.43,0.606629,0.0265011
3433.51,0.647202,0.0274566
3450.68,0.617256,0.0269338
3467.93,0.610722,0.0268571
3485.27,0.591359,0.0264634
3502.7,0.549973,0.0255899
3520.21,0.539879,0.0254678
3537.81,0.526299,0.0252768
3555.5,0.547589,0.0258006
3573.28,0.535745,0.0255558
3591.15,0.53523,0.0256321
3609.1,0.534398,0.0257743
3627.15,0.53385,0.0258107
3645.28,0.526997,0.0256806
3663.51,0.507761,0.0252604
3681.83,0.488912,0.0248147
3700.24,0.484795,0.024857
3718.74,0.504579,0.0254364
3737.33,0.551083,0.026694
3756.02,0.498752,0.0255056
3774.8,0.483838,0.0251577
3793.67,0.467074,0.0248066
3812.64,0.48057,0.025174
3831.7,0.494143,0.0256452
3850.86,0.501823,0.0259659
3870.12,0.50184,0.0259724
3889.47,0.481168,0.0254912
3908.92,0.469385,0.0252386
3928.46,0.482723,0.0256923
3948.1,0.485955,0.025944
3967.84,0.495273,0.0262233
3987.68,0.518194,0.02698
4007.62,0.469607,0.025705
4027.66,0.44905,0.0252025
4047.8,0.455931,0.0254785
4068.04,0.498461,0.0267298
4088.38,0.519881,0.0273585
4108.82,0.526808,0.0276264
4129.36,0.505555,0.0271007
4150.01,0.481747,0.026557
4170.76,0.461588,0.0260311
4191.61,0.478909,0.0266289
4212.57,0.494307,0.0271022
4233.63,0.525207,0.0281058
4254.8,0.498952,0.0273877
4276.08,0.512937,0.0278567
4297.46,0.481598,0.0270856
4318.94,0.500805,0.0277444
4340.54,0.4777,0.0271476
4362.24,0.494328,0.0277038
4384.05,0.478076,0.0272815
4405.97,0.502708,0.0281007
4428,0.529667,0.0289342
4450.14,0.492463,0.0280313
4472.39,0.500953,0.0282816
4494.75,0.480476,0.0277544
4517.23,0.498523,0.0283776
4539.81,0.538888,0.0296483
4562.51,0.517665,0.0291324
4585.33,0.509679,0.0289718
4608.25,0.491716,0.0285161
4631.29,0.500172,0.0289232
4654.45,0.478476,0.0283569
4677.72,0.509801,0.0293007
4701.11,0.493488,0.0287335
4724.62,0.495659,0.0290186
4748.24,0.52413,0.0299014
4771.98,0.494367,0.0291871
4795.84,0.511604,0.0297764
4819.82,0.521307,0.0301294
4843.92,0.509824,0.0297849
4868.14,0.484187,0.029066
4892.48,0.490486,0.0293299
4916.94,0.49168,0.0294156
4941.53,0.523754,0.030611
4966.23,0.520679,0.030566
4991.07,0.507694,0.0302137
5016.02,0.516257,0.0305339
5041.1,0.521752,0.0306589
5066.31,0.491799,0.0299924
5091.64,0.470699,0.0294532
5117.1,0.477293,0.0297326
5142.68,0.503798,0.0306421
5168.4,0.494984,0.030417
5194.24,0.460937,0.0293776
5220.21,0.444326,0.0289319
5246.31,0.480938,0.0303078
5272.54,0.521913,0.0315451
5298.9,0.516902,0.0315022
5325.4,0.482567,0.0305033
5352.03,0.466715,0.0300136
5378.79,0.473795,0.0303149
5405.68,0.462994,0.0299601
5432.71,0.484923,0.0308912
5459.87,0.496579,0.0313434
5487.17,0.471407,0.0306317
5514.61,0.462449,0.0304016
5542.18,0.470306,0.0306692
5569.89,0.466215,0.0305572
5597.74,0.426368,0.0292641
5625.73,0.453473,0.0303001
5653.86,0.435955,0.0299398
5682.13,0.479428,0.0314379
5710.54,0.483006,0.0315883
5739.09,0.472718,0.0313292
5767.79,0.462679,0.0311112
5796.62,0.46724,0.031403
5825.61,0.476923,0.0318246
5854.74,0.512076,0.0328487
5884.01,0.487922,0.032107
5913.43,0.474534,0.031766
5943,0.487674,0.0323424
5972.71,0.494046,0.0326736
6002.57,0.446006,0.0309719
6032.59,0.431257,0.0305588
6062.75,0.463072,0.0317399
6093.06,0.476667,0.032249
6123.53,0.471546,0.0320995
6154.15,0.518373,0.0338361
6184.92,0.460965,0.0320667
6215.84,0.483003,0.0328627
6246.92,0.518076,0.0340373
6278.16,0.517624,0.0340299
6309.55,0.50555,0.0337991
6341.09,0.503876,0.0338615
6372.8,0.490584,0.0333952
6404.66,0.490232,0.0333851
6436.69,0.494192,0.0335845
6468.87,0.512038,0.0343571
6501.22,0.477499,0.0331821
6533.72,0.492197,0.0338509
6566.39,0.498453,0.0341708
6599.22,0.480859,0.0336646
6632.22,0.467814,0.0334504
6665.38,0.48463,0.03399
6698.71,0.521743,0.0352105
6732.2,0.524588,0.0354017
6765.86,0.512497,0.0351517
6799.69,0.503351,0.0347967
6833.69,0.515075,0.0353378
6867.86,0.51003,0.0352088
6902.2,0.488684,0.0344842
6936.71,0.445274,0.0331931
6971.39,0.455407,0.0334654
7006.25,0.459301,0.0336894
7041.28,0.467643,0.0341397
7076.49,0.467921,0.0342619
7111.87,0.507789,0.0356903
7147.43,0.481824,0.0349203
7183.16,0.466387,0.0344548
7219.08,0.497092,0.0356441
7255.18,0.453365,0.034152
7291.45,0.457778,0.0343709
7327.91,0.462759,0.0346222
7364.55,0.457431,0.0344667
7401.37,0.453734,0.0343568
7438.38,0.459996,0.0346959
7475.57,0.469783,0.0351533
7512.95,0.454282,0.0346268
7550.51,0.432529,0.033905
7588.26,0.467237,0.035239
7626.21,0.507437,0.0367439
7664.34,0.520433,0.0373242
7702.66,0.499848,0.0367796
7741.17,0.492744,0.0366426
7779.88,0.4896,0.0366114
7818.78,0.456797,0.0353208
7857.87,0.45905,0.0354415
7897.16,0.462643,0.0356646
7936.65,0.479544,0.0365699
7976.33,0.491935,0.0371374
8016.21,0.49522,0.0372395
8050.87,0.49396,0.0435217
