# X , Y , E Distribution=true

-20.1034,0.00719514,0.00186315
-19.9824,0.00843353,0.00204204
-19.8614,0.0126222,0.00248602
-19.7404,0.0136445,0.00258906
-19.6194,0.0104791,0.00226623
-19.4985,0.0114037,0.00236167
-19.3775,0.0111273,0.00234673
-19.2565,0.0153415,0.00275302
-19.1355,0.014805,0.00270985
-19.0145,0.0115438,0.00237931
-18.8935,0.0156574,0.00278661
-18.7726,0.00867859,0.00206763
-18.6516,0.0123138,0.00247296
-18.5306,0.0197262,0.00312458
-18.4096,0.0191596,0.00307661
-18.2886,0.0217393,0.00328995
-18.1676,0.0158746,0.00280699
-18.0467,0.0161914,0.0028441
-17.9257,0.0170102,0.00292081
-17.8047,0.0154707,0.0027996
-17.6837,0.0174792,0.00296083
-17.5627,0.0231782,0.00343417
-17.4417,0.0177243,0.003005
-17.3208,0.0247468,0.00352448
-17.1998,0.0217598,0.00332888
-17.0788,0.0252119,0.00358111
-16.9578,0.0275729,0.00375727
-16.8368,0.0289195,0.00383103
-16.7158,0.0296374,0.0038955
-16.5949,0.0479871,0.00498646
-16.4739,0.0464038,0.00494416
-16.3529,0.095048,0.00712548
-16.2319,0.0477268,0.00497843
-16.1109,0.069767,0.00607326
-15.9899,0.084706,0.00671622
-15.869,0.0901509,0.00691773
-15.748,0.117908,0.00793427
-15.627,0.106042,0.00755016
-15.506,0.0796393,0.00650986
-15.385,0.058237,0.00554976
-15.264,0.0785363,0.0064483
-15.1431,0.0910797,0.00696814
-15.0221,0.102563,0.00742201
-14.9011,0.1071,0.00758107
-14.7801,0.112434,0.00776718
-14.6591,0.113246,0.00780106
-14.5381,0.118711,0.00801327
-14.4172,0.126975,0.00827552
-14.2962,0.121682,0.00811689
-14.1752,0.137406,0.00862197
-14.0542,0.138884,0.00869202
-13.9332,0.147147,0.00894418
-13.8122,0.1818,0.00999663
-13.6913,0.195695,0.0103887
-13.5703,0.204381,0.0106137
-13.4493,0.188467,0.0101826
-13.3283,0.201255,0.0105218
-13.2073,0.223915,0.0111089
-13.0863,0.226252,0.0111444
-12.9654,0.22456,0.0111211
-12.8444,0.2233,0.0110834
-12.7234,0.249021,0.011712
-12.6024,0.250286,0.0117262
-12.4814,0.254581,0.011845
-12.3604,0.267817,0.0121387
-12.2395,0.283321,0.01249
-12.1185,0.29741,0.0127808
-11.9975,0.321233,0.0133049
-11.8765,0.288049,0.0125881
-11.7555,0.31578,0.0131874
-11.6345,0.304101,0.0129597
-11.5136,0.344401,0.0137803
-11.3926,0.31248,0.0131224
-11.2716,0.315625,0.0131975
-11.1506,0.324432,0.0133719
-11.0296,0.339928,0.0136782
-10.9086,0.394469,0.01475
-10.7877,0.363468,0.0141476
-10.6667,0.379618,0.0144631
-10.5457,0.397414,0.0147962
-10.4247,0.388428,0.0146405
-10.3037,0.436617,0.0155313
-10.1828,0.457445,0.0158909
-10.0618,0.439846,0.0155746
-9.94078,0.453424,0.0158289
-9.8198,0.451153,0.0157934
-9.69882,0.467673,0.016105
-9.57783,0.492234,0.0164913
-9.45685,0.48473,0.0163786
-9.33587,0.503736,0.0167065
-9.21488,0.488005,0.0164233
-9.0939,0.512951,0.0168549
-8.97292,0.509203,0.0168116
-8.85194,0.482792,0.0163396
-8.73095,0.497399,0.0165961
-8.60997,0.492842,0.016535
-8.48899,0.498172,0.0165768
-8.368,0.50088,0.0166524
-8.24702,0.494243,0.0165434
-8.12604,0.491445,0.0164966
-8.00505,0.519385,0.0169449
-7.88407,0.505016,0.016722
-7.76309,0.521176,0.0169739
-7.6421,0.57813,0.0178783
-7.52112,0.529115,0.0170995
-7.40014,0.578605,0.0178692
-7.27915,0.530898,0.017134
-7.15817,0.569177,0.017737
-7.03719,0.618689,0.0185091
-6.9162,0.637476,0.0187887
-6.79522,0.624852,0.018607
-6.67424,0.626319,0.0186195
-6.55326,0.649594,0.0189675
-6.43227,0.644171,0.0188601
-6.31129,0.675814,0.019335
-6.19031,0.699189,0.0196663
-6.06932,0.728226,0.0200315
-5.94834,0.746715,0.0203278
-5.82736,0.806374,0.0210955
-5.70637,0.78458,0.020809
-5.58539,0.835351,0.0214451
-5.46441,0.82147,0.0212734
-5.34342,0.869505,0.0218883
-5.22244,0.889495,0.0221098
-5.10146,0.950837,0.022854
-4.98047,1.00836,0.0235166
-4.85949,1.03176,0.0237885
-4.73851,1.10622,0.0245937
-4.61752,1.2385,0.0260218
-4.49654,1.28228,0.0264668
-4.37556,1.37927,0.0274017
-4.25457,1.4967,0.0285268
-4.13359,1.66668,0.030097
-4.01261,1.90177,0.0320851
-3.89163,2.21227,0.0345864
-3.77064,2.6652,0.0379196
-3.64966,3.19936,0.0414982
-3.52868,3.81847,0.0453412
-3.40769,4.52117,0.0493179
-3.28671,5.56555,0.0546898
-3.16573,6.76751,0.0603112
-3.04474,8.25926,0.0666571
-2.92376,9.83808,0.0727401
-2.80278,11.7666,0.0795828
-2.68179,14.0647,0.086996
-2.56081,16.8471,0.0952511
-2.43983,19.8726,0.103488
-2.31884,23.5721,0.112729
-2.19786,27.8205,0.122584
-2.07688,33.1068,0.133889
-1.95589,38.6136,0.144751
-1.83491,44.8705,0.156231
-1.71393,52.7046,0.169638
-1.59295,60.8245,0.182515
-1.47196,69.7912,0.195895
-1.35098,80.5124,0.210887
-1.23,91.564,0.22543
-1.10901,103.523,0.240321
-0.988029,115.166,0.254066
-0.867046,126.562,0.266933
-0.746063,135.775,0.277067
-0.62508,142.369,0.28416
-0.504097,146.191,0.288381
-0.383113,146.738,0.289133
-0.26213,144.648,0.287211
-0.141147,140.706,0.283443
-0.0201639,134.755,0.277496
0.100819,127.467,0.269943
0.221802,118.297,0.260227
0.342786,107.518,0.248116
0.463769,96.5895,0.235255
0.584752,83.821,0.219212
0.705735,70.9232,0.201621
0.826718,58.5377,0.183177
0.947701,47.4096,0.164818
1.06868,36.8204,0.145152
1.18967,28.6692,0.128021
1.31065,22.0265,0.11214
1.43163,16.8943,0.0981771
1.55262,13.2603,0.0869869
1.6736,11.0209,0.0792903
1.79458,9.38898,0.0731976
1.91557,8.43066,0.0693449
2.03655,7.96034,0.0673985
2.15753,7.42768,0.0651054
2.27852,7.15788,0.0639273
2.3995,6.97426,0.0631244
2.52048,6.65464,0.0616965
2.64147,6.34884,0.060293
2.76245,6.15443,0.0593978
2.88343,5.79047,0.0576641
3.00442,5.45141,0.0560011
3.1254,5.12976,0.0543629
3.24638,5.04986,0.053968
3.36736,4.8634,0.0529901
3.48835,4.73327,0.0523015
3.60933,4.66005,0.0519305
3.73031,4.50875,0.0511091
3.8513,4.25267,0.04966
3.97228,4.20764,0.0494093
4.09326,3.97152,0.0480374
4.21425,3.84074,0.0472522
4.33523,3.65964,0.0461645
4.45621,3.61311,0.0458909
4.5772,3.34665,0.04418
4.69818,3.1927,0.043193
4.81916,3.04331,0.042183
4.94015,2.89817,0.0412158
5.06113,2.7868,0.0404201
5.18211,2.57344,0.0388713
5.3031,2.57262,0.0388904
5.42408,2.38917,0.0375186
5.54506,2.30422,0.0368746
5.66605,2.15576,0.0356891
5.78703,2.07758,0.0350676
5.90801,1.99847,0.034404
6.02899,2.06353,0.0349807
6.14998,1.99479,0.0344251
6.27096,1.96537,0.0341803
6.39194,1.9325,0.0339106
6.51293,1.85481,0.0332592
6.63391,1.77276,0.0325276
6.75489,1.77837,0.0326092
6.87588,1.7553,0.0324189
6.99686,1.71199,0.0320413
7.11784,1.7015,0.0319724
7.23883,1.70134,0.0319679
7.35981,1.6938,0.03192
7.48079,1.68911,0.0318974
7.60178,1.74808,0.0324585
7.72276,1.65288,0.0315813
7.84374,1.70747,0.0321118
7.96473,1.68223,0.0318834
8.08571,1.64046,0.0315167
8.20669,1.54681,0.0306278
8.32767,1.49986,0.0302056
8.44866,1.42542,0.0294583
8.56964,1.33678,0.0285568
8.69062,1.24686,0.0276262
8.81161,1.13742,0.0264184
8.93259,1.10195,0.0260347
9.05357,1.08058,0.0257905
9.17456,1.05747,0.0255595
9.29554,1.01707,0.0250832
9.41652,0.956965,0.0243656
9.53751,0.881724,0.0234076
9.65849,0.814403,0.0225241
9.77947,0.793863,0.0222501
9.90046,0.740993,0.021516
10.0214,0.721925,0.0212667
10.1424,0.674722,0.0205809
10.2634,0.636549,0.020005
10.3844,0.659398,0.0203768
10.5054,0.61799,0.0197331
10.6264,0.602127,0.0194992
10.7473,0.565823,0.0189147
10.8683,0.543101,0.0185436
10.9893,0.54443,0.0185815
11.1103,0.548554,0.0186689
11.2313,0.544044,0.0185941
11.3523,0.539706,0.0185413
11.4732,0.52187,0.0182385
11.5942,0.481169,0.0175251
11.7152,0.49308,0.0177561
11.8362,0.493121,0.0177741
11.9572,0.495569,0.0178377
12.0782,0.475751,0.017496
12.1991,0.48244,0.017632
12.3201,0.480506,0.0176034
12.4411,0.511985,0.0181843
12.5621,0.444322,0.0169604
12.6831,0.467318,0.0174007
12.8041,0.479702,0.0176376
12.925,0.457151,0.0172422
13.046,0.459196,0.0172849
13.167,0.460809,0.0173421
13.288,0.45216,0.0171817
13.409,0.434036,0.0168693
13.53,0.461559,0.0173835
13.6509,0.430659,0.0168143
13.7719,0.442066,0.0170338
13.8929,0.417259,0.0165523
14.0139,0.42431,0.0167117
14.1349,0.429235,0.016829
14.2559,0.442772,0.0170973
14.3768,0.423443,0.0167228
14.4978,0.367435,0.015591
14.6188,0.369069,0.0156344
14.7398,0.372848,0.0157076
14.8608,0.384029,0.0159816
14.9817,0.357297,0.0154058
15.1027,0.377372,0.0158516
15.2237,0.420746,0.0167445
15.3447,0.384909,0.0160218
15.4657,0.363349,0.0155647
15.5867,0.383272,0.0159922
15.7076,0.374879,0.0158417
15.8286,0.369254,0.0157311
15.9496,0.368453,0.0157214
16.0706,0.367608,0.0157175
16.1916,0.373308,0.015864
16.3126,0.353198,0.0154082
16.4335,0.366037,0.0157196
16.5545,0.355714,0.0155124
16.6755,0.38123,0.0160574
16.7965,0.366817,0.0157684
16.9175,0.346927,0.0153321
17.0385,0.379273,0.0160439
17.1594,0.344552,0.0153127
17.2804,0.378679,0.0160632
17.4014,0.36405,0.0157487
17.5224,0.371907,0.0159507
17.6434,0.342566,0.0153073
17.7644,0.374804,0.0160364
17.8853,0.375587,0.016064
18.0063,0.377086,0.0160978
18.1273,0.350338,0.0155245
18.2483,0.394679,0.0165054
18.3693,0.379403,0.0161942
18.4903,0.366842,0.0159436
18.6112,0.365829,0.0159197
18.7322,0.38958,0.0164334
18.8532,0.396465,0.0165853
18.9742,0.367536,0.0159981
19.0952,0.387015,0.0164166
19.2162,0.383088,0.0163384
19.3371,0.375759,0.0161675
19.4581,0.394001,0.0165876
19.5791,0.390969,0.016532
19.7001,0.387394,0.0164577
19.8211,0.397613,0.0167021
19.9421,0.40066,0.0167709
20.063,0.443172,0.0176326
20.184,0.4092,0.0169443
20.305,0.414565,0.0170721
20.426,0.378124,0.0163242
20.547,0.409303,0.0169942
20.668,0.402905,0.016875
20.7889,0.396697,0.016769
20.9099,0.398311,0.0167816
21.0309,0.401215,0.0168761
21.1519,0.381671,0.0164572
21.2729,0.436798,0.0176114
21.3939,0.428973,0.0174687
21.5148,0.421082,0.0172979
21.6358,0.415708,0.0172227
21.7568,0.416523,0.01725
21.8778,0.426494,0.0174594
21.9988,0.448206,0.0179037
22.1198,0.435045,0.0176555
22.2407,0.424615,0.0174345
22.3617,0.425855,0.0174749
22.4827,0.411092,0.0171894
22.6037,0.43299,0.0176469
22.7247,0.418214,0.017368
22.8457,0.443559,0.0178956
22.9666,0.474744,0.018537
23.0876,0.442147,0.0178773
23.2086,0.441815,0.0178941
23.3296,0.437904,0.0178228
23.4506,0.430061,0.0176687
23.5716,0.448124,0.0180478
23.6925,0.435793,0.0178229
23.8135,0.450607,0.0181164
23.9345,0.447804,0.0180898
24.0555,0.444225,0.0180269
24.1563,0.45112,0.0222595
24.2571,0.448575,0.00936404
24.3784,0.455832,0.00941445
24.5003,0.44256,0.00925094
24.6228,0.455094,0.00935507
24.7459,0.444675,0.00921289
24.8696,0.456101,0.0093167
24.994,0.457929,0.00930107
25.119,0.458974,0.00929045
25.2446,0.446071,0.00913428
25.3708,0.462007,0.00928057
25.4976,0.450983,0.00915279
25.6251,0.451376,0.00911699
25.7533,0.473474,0.00932714
25.882,0.468509,0.0092559
26.0114,0.457663,0.00912258
26.1415,0.471731,0.00923565
26.2722,0.457739,0.00906753
26.4036,0.460889,0.00907861
26.5356,0.48224,0.00926327
26.6682,0.483688,0.00924163
26.8016,0.467053,0.00907378
26.9356,0.482999,0.00921021
27.0703,0.476385,0.00911847
27.2056,0.47778,0.00910432
27.3417,0.473676,0.00904982
27.4784,0.488083,0.00916895
27.6158,0.485294,0.00911921
27.7538,0.470716,0.0089623
27.8926,0.466259,0.0088952
28.0321,0.478218,0.00898209
28.1722,0.482895,0.00901032
28.3131,0.479887,0.00896679
28.4547,0.495526,0.00908386
28.5969,0.478688,0.00891481
28.7399,0.489118,0.00898429
28.8836,0.4977,0.00904424
29.028,0.503423,0.00907774
29.1732,0.477137,0.008827
29.319,0.470226,0.00873782
29.4656,0.491447,0.00890755
29.613,0.475754,0.00874602
29.761,0.505426,0.00899377
29.9098,0.499342,0.00892796
30.0594,0.496086,0.00887972
30.2097,0.501051,0.00890738
30.3607,0.499074,0.00886642
30.5125,0.496651,0.00882403
30.6651,0.504191,0.00886846
30.8184,0.509712,0.00890456
30.9725,0.505907,0.00884395
31.1274,0.500301,0.00878247
31.283,0.50047,0.00876743
31.4394,0.505477,0.00879606
31.5966,0.496043,0.00868941
31.7546,0.488681,0.00860525
31.9134,0.493215,0.00863442
32.0729,0.503498,0.00869806
32.2333,0.512331,0.00875424
32.3945,0.51707,0.0087808
32.5564,0.515489,0.00874581
32.7192,0.511488,0.00869866
32.8828,0.510772,0.00866891
33.0472,0.513918,0.00867982
33.2125,0.520034,0.00871627
33.3785,0.536009,0.00882761
33.5454,0.530633,0.00876301
33.7132,0.505764,0.00853841
33.8817,0.504773,0.00851149
34.0511,0.535096,0.00874623
34.2214,0.537296,0.00874443
34.3925,0.539427,0.00874163
34.5645,0.526297,0.00861592
34.7373,0.544589,0.0087443
34.911,0.549827,0.00877022
35.0855,0.550134,0.00874488
35.2609,0.542581,0.00867357
35.4373,0.546648,0.00869001
35.6144,0.539844,0.00861859
35.7925,0.535971,0.0085662
35.9715,0.556147,0.00871154
36.1513,0.550286,0.00863815
36.3321,0.544173,0.00857034
36.5137,0.554215,0.0086372
36.6963,0.536996,0.00848325
36.8798,0.555061,0.00860467
37.0642,0.567062,0.008674
37.2495,0.557579,0.0085881
37.4358,0.560745,0.00859581
37.6229,0.560865,0.00857624
37.8111,0.572314,0.0086356
38.0001,0.572506,0.00862987
38.1901,0.562175,0.00853627
38.3811,0.576156,0.00862324
38.573,0.562648,0.00849317
38.7658,0.578245,0.00859231
38.9597,0.576584,0.00855604
39.1545,0.571136,0.00850448
39.3502,0.569431,0.00847368
39.547,0.576998,0.00851048
39.7447,0.57888,0.00850663
39.9434,0.562882,0.00836694
40.1432,0.597276,0.00860822
40.3439,0.587321,0.00851666
40.5456,0.592421,0.00853213
40.7483,0.592597,0.00851272
40.9521,0.587711,0.00846385
41.1568,0.582853,0.00840473
41.3626,0.601915,0.00852499
41.5694,0.601983,0.00850847
41.7773,0.591044,0.00841592
41.9862,0.603335,0.00848043
42.1961,0.584049,0.0083279
42.4071,0.598002,0.00841006
42.6191,0.600697,0.00840957
42.8322,0.606123,0.00842485
43.0464,0.610484,0.00844159
43.2616,0.610534,0.0084215
43.4779,0.606725,0.00837928
43.6953,0.610547,0.00838957
43.9138,0.608894,0.00836033
44.1333,0.590545,0.00821581
44.354,0.601766,0.00827538
44.5758,0.607547,0.00830149
44.7987,0.614752,0.00833285
45.0226,0.620873,0.00835549
45.2478,0.619362,0.00832925
45.474,0.618631,0.00830603
45.7014,0.614715,0.00826725
45.9299,0.617175,0.00826865
46.1595,0.631409,0.00834428
46.3903,0.623768,0.00827479
46.6223,0.621381,0.00824073
46.8554,0.629282,0.00827374
47.0897,0.6194,0.00819421
47.3251,0.622424,0.00820115
47.5617,0.611641,0.00811075
47.7995,0.625922,0.00819016
48.0385,0.629136,0.00819585
48.2787,0.627601,0.0081686
48.5201,0.622967,0.00812379
48.7627,0.628502,0.0081458
49.0065,0.629964,0.00813778
49.2516,0.62723,0.00810068
49.4978,0.617701,0.00802651
49.7453,0.639852,0.0081536
49.994,0.637888,0.00812288
50.244,0.634767,0.00809237
50.4952,0.645519,0.00814514
50.7477,0.636975,0.00807631
51.0015,0.638881,0.00807277
51.2565,0.650361,0.00812804
51.5127,0.630065,0.00798912
51.7703,0.652814,0.00811695
52.0292,0.647883,0.00806787
52.2893,0.649845,0.00806994
52.5507,0.657772,0.00810546
52.8135,0.640742,0.00798372
53.0776,0.646438,0.00800474
53.343,0.63941,0.0079497
53.6097,0.664245,0.00808766
53.8777,0.664363,0.00807452
54.1471,0.664201,0.0080616
54.4178,0.669987,0.00808337
54.6899,0.657186,0.00799077
54.9634,0.661969,0.0080074
55.2382,0.659055,0.00797901
55.5144,0.664335,0.00799109
55.792,0.666977,0.00799495
56.0709,0.679965,0.00806297
56.3513,0.674148,0.00801742
56.633,0.678374,0.00802833
56.9162,0.705124,0.00817026
57.2008,0.692088,0.00808323
57.4868,0.681177,0.00800954
57.7742,0.682279,0.00800168
58.0631,0.69471,0.00806394
58.3534,0.694955,0.00804853
58.6452,0.684155,0.00797315
58.9384,0.691409,0.00800384
59.2331,0.70389,0.00806122
59.5293,0.710468,0.00808841
59.8269,0.699609,0.00801192
60.126,0.710795,0.00806128
60.4267,0.719514,0.0080999
60.7288,0.713214,0.00804479
61.0324,0.709066,0.0080121
61.3376,0.708992,0.00799906
61.6443,0.717519,0.00803246
61.9525,0.727618,0.00807514
62.2623,0.724109,0.00804555
62.5736,0.712319,0.00796516
62.8865,0.719173,0.00799024
63.2009,0.732047,0.00804793
63.5169,0.730292,0.00802644
63.8345,0.731042,0.00802177
64.1537,0.754455,0.00814091
64.4744,0.747009,0.0080872
64.7968,0.755794,0.00812198
65.1208,0.765465,0.00815883
65.4464,0.760046,0.00812088
65.7736,0.771622,0.00817042
66.1025,0.764833,0.00811855
66.433,0.777432,0.00817781
66.7652,0.77981,0.00818329
67.099,0.776053,0.00815162
67.4345,0.782088,0.0081716
67.7716,0.808491,0.00829927
68.1105,0.813675,0.00831827
68.4511,0.808677,0.00828103
68.7933,0.820921,0.00833298
69.1373,0.822672,0.00833075
69.483,0.8318,0.00836987
69.8304,0.829315,0.00834509
70.1795,0.851284,0.00844552
70.5304,0.853336,0.00844433
70.8831,0.855422,0.00844588
71.2375,0.867809,0.00850055
71.5937,0.858559,0.00844465
71.9517,0.878042,0.00852973
72.3114,0.88966,0.00857807
72.673,0.894887,0.00859441
73.0363,0.910626,0.00866296
73.4015,0.919465,0.00869554
73.7685,0.908126,0.00862941
74.1374,0.910664,0.00862726
74.5081,0.905944,0.00859249
74.8806,0.894707,0.00852738
75.255,0.893429,0.00851092
75.6313,0.898016,0.00852163
76.0094,0.90993,0.00856642
76.3895,0.913082,0.00856832
76.7714,0.89356,0.00846291
77.1553,0.878812,0.00837956
77.5411,0.895132,0.0084469
77.9288,0.900871,0.00846177
78.3184,0.892639,0.00840895
78.71,0.902203,0.00844675
79.1035,0.908317,0.00846323
79.4991,0.911834,0.00846086
79.8966,0.911257,0.00845228
80.296,0.915301,0.00845874
80.6975,0.921857,0.00847648
81.101,0.918486,0.00844709
81.5065,0.937329,0.00852508
81.9141,0.921085,0.00843861
82.3236,0.927638,0.00845773
82.7352,0.916028,0.00839334
83.1489,0.916245,0.00838241
83.5647,0.911575,0.00835169
83.9825,0.92748,0.00841276
84.4024,0.921092,0.00837392
84.8244,0.910578,0.00831523
85.2485,0.924384,0.00836871
85.6748,0.916355,0.00832234
86.1031,0.917922,0.00831997
86.5337,0.926569,0.00835
86.9663,0.933232,0.00837053
87.4012,0.926351,0.00833026
87.8382,0.927317,0.00832559
88.2774,0.927376,0.00831453
88.7187,0.919872,0.00827097
89.1623,0.919826,0.00825669
89.6082,0.938839,0.00833232
90.0562,0.92353,0.00825343
90.5065,0.921114,0.00822821
90.959,0.934725,0.00827471
91.4138,0.929521,0.00824129
91.8709,0.912424,0.0081546
92.3302,0.924633,0.00819389
92.7919,0.919277,0.00816182
93.2558,0.919707,0.0081512
93.7221,0.91742,0.00812624
94.1907,0.908251,0.00807515
94.6617,0.909028,0.00806876
95.135,0.914064,0.00807613
95.6107,0.903782,0.00802251
96.0887,0.902787,0.00800407
96.5692,0.909215,0.00802304
97.052,0.909049,0.00801089
97.5373,0.900614,0.00795837
98.0249,0.901996,0.00795148
98.5151,0.897055,0.00792458
99.0076,0.894198,0.00789664
99.5027,0.879939,0.00782331
100,0.88811,0.00784815
100.5,0.876773,0.00778626
101.003,0.870389,0.00774793
101.508,0.87823,0.00777234
102.015,0.882314,0.00777901
102.525,0.867667,0.00770553
103.038,0.861782,0.00766692
103.553,0.855911,0.00763256
104.071,0.860878,0.0076455
104.591,0.855053,0.00760957
105.114,0.844245,0.00755512
105.64,0.838727,0.00751889
106.168,0.832988,0.00748506
106.699,0.828149,0.00745563
107.232,0.823318,0.0074265
107.768,0.82717,0.00743307
108.307,0.828142,0.00742844
108.849,0.814765,0.00736107
109.393,0.821503,0.0073806
109.94,0.793388,0.00724375
110.49,0.80693,0.00729963
111.042,0.808273,0.00729849
111.597,0.799245,0.0072519
112.155,0.798936,0.00724134
112.716,0.799611,0.00723836
113.28,0.774907,0.00711907
113.846,0.770139,0.00708976
114.415,0.778947,0.00712714
114.987,0.783934,0.00714308
115.562,0.759073,0.00702157
116.14,0.764519,0.00704315
116.721,0.750917,0.00697722
117.305,0.750118,0.00696484
117.891,0.750523,0.00696108
118.481,0.75873,0.00699571
119.073,0.739974,0.0069069
119.668,0.737758,0.0068902
120.267,0.7237,0.00682348
120.868,0.740788,0.00689803
121.472,0.745126,0.00691208
122.08,0.73578,0.00686717
122.69,0.728712,0.00683052
123.304,0.726964,0.00681821
123.92,0.721337,0.00678666
124.54,0.714354,0.00674938
125.162,0.734412,0.00684051
125.788,0.717003,0.00675567
126.417,0.713102,0.0067313
127.049,0.705387,0.00669098
127.684,0.708818,0.00670263
128.323,0.704861,0.00667914
128.964,0.706604,0.00668434
129.609,0.699638,0.0066492
130.257,0.703117,0.00665816
130.909,0.698401,0.00663011
131.563,0.697257,0.00662129
132.221,0.694012,0.00660122
132.882,0.688727,0.00657097
133.546,0.689863,0.00657474
134.214,0.698309,0.00660861
134.885,0.705449,0.00663646
135.56,0.707193,0.00664451
136.238,0.693173,0.00657215
136.919,0.70066,0.00660296
137.603,0.699711,0.00659335
138.291,0.697291,0.00657854
138.983,0.709577,0.00663177
139.678,0.697281,0.00656904
140.376,0.706198,0.00660605
141.078,0.705764,0.00660103
141.783,0.709705,0.00661485
142.492,0.699743,0.00656793
143.205,0.709964,0.00661084
143.921,0.689587,0.00651149
144.64,0.693288,0.00652842
145.364,0.704631,0.00657688
146.09,0.700898,0.00655748
146.821,0.681436,0.00645988
147.555,0.697484,0.00653274
148.293,0.698882,0.00653501
149.034,0.696246,0.00652023
149.779,0.683383,0.00645375
150.528,0.693113,0.00649895
151.281,0.689188,0.00647731
152.037,0.679295,0.00642863
152.797,0.672889,0.00639427
153.561,0.671698,0.00638433
154.329,0.676053,0.00640301
155.101,0.672282,0.00638187
155.876,0.682661,0.00642645
156.656,0.675029,0.00638974
157.439,0.663466,0.00633452
158.226,0.65889,0.0063083
159.017,0.659534,0.00631018
159.812,0.658564,0.00630483
160.612,0.647441,0.00624869
161.415,0.655315,0.00628619
162.222,0.641775,0.00622017
163.033,0.629603,0.00616022
163.848,0.648786,0.00625426
164.667,0.636041,0.00619232
165.491,0.630516,0.00616362
166.318,0.628872,0.00615579
167.15,0.611208,0.00606869
167.985,0.619564,0.0061119
168.825,0.618128,0.00610317
169.669,0.609997,0.00606393
170.518,0.615615,0.00609312
171.37,0.605414,0.0060432
172.227,0.602574,0.00602753
173.088,0.601753,0.00602303
173.954,0.584247,0.00593537
174.823,0.581761,0.00592217
175.698,0.5714,0.00587059
176.576,0.572366,0.00587376
177.459,0.570474,0.00586497
178.346,0.563196,0.00582763
179.238,0.544162,0.00572873
180.134,0.548485,0.00574908
181.035,0.551671,0.00576731
181.94,0.543817,0.00572456
182.85,0.537369,0.00568889
183.764,0.530221,0.00565205
184.683,0.534345,0.00567061
185.606,0.521686,0.0056005
186.534,0.522706,0.00560896
187.467,0.522807,0.00560854
188.404,0.519767,0.00559015
189.346,0.519019,0.0055854
190.293,0.510641,0.00554051
191.244,0.525097,0.00561749
192.201,0.500386,0.00548373
193.162,0.499116,0.00547792
194.128,0.489178,0.0054228
195.098,0.49347,0.0054445
196.074,0.475822,0.00534561
197.054,0.468812,0.00530898
198.039,0.466851,0.00529404
199.029,0.454372,0.00522352
200.025,0.464704,0.00528212
201.025,0.466093,0.00529014
202.03,0.453386,0.00521921
203.04,0.440326,0.00514284
204.055,0.453764,0.00521702
205.075,0.452403,0.00521154
206.101,0.457651,0.00524244
207.131,0.450191,0.00519802
208.167,0.436015,0.00511611
209.208,0.437005,0.00512259
210.254,0.430702,0.00508415
211.305,0.434962,0.00511268
212.362,0.431491,0.00509253
213.424,0.42895,0.00507981
214.491,0.433078,0.00510389
215.563,0.430178,0.00508981
216.641,0.436337,0.00512766
217.724,0.433179,0.00511047
218.813,0.425227,0.00506432
219.907,0.444202,0.00518015
221.006,0.433203,0.0051156
222.111,0.432882,0.00511372
223.222,0.427591,0.00508557
224.338,0.420372,0.00504259
225.46,0.430591,0.00510513
226.587,0.42484,0.00506925
227.72,0.430769,0.00510528
228.859,0.425734,0.0050751
230.003,0.425044,0.00507105
231.153,0.421642,0.00505024
232.309,0.416048,0.00501258
233.47,0.412362,0.0049882
234.638,0.408606,0.00496781
235.811,0.421622,0.00504467
236.99,0.415492,0.00500751
238.175,0.418123,0.0050256
239.366,0.40836,0.00496593
240.562,0.418864,0.00502757
241.765,0.421058,0.00504231
242.974,0.401214,0.00492391
244.189,0.406107,0.00495623
245.41,0.414061,0.0050043
246.637,0.407316,0.00496434
247.87,0.406912,0.00496264
249.109,0.394773,0.00488802
250.355,0.396071,0.00489506
251.607,0.396171,0.00489481
252.865,0.387088,0.00484079
254.129,0.380712,0.00480083
255.4,0.382365,0.00481232
256.677,0.377329,0.00477869
257.96,0.382181,0.00480938
259.25,0.373153,0.00475658
260.546,0.375461,0.0047733
261.849,0.374989,0.00476989
263.158,0.368049,0.00472457
264.474,0.366674,0.0047155
265.796,0.364624,0.00470603
267.125,0.376271,0.00478038
268.461,0.377234,0.00478722
269.803,0.377767,0.0047944
271.152,0.375294,0.0047797
272.508,0.375874,0.00478475
273.871,0.38261,0.0048287
275.24,0.387495,0.00486597
276.616,0.382967,0.00483927
277.999,0.387036,0.00486376
279.389,0.383511,0.00484462
280.786,0.388341,0.00487646
282.19,0.393799,0.0049154
283.601,0.396726,0.00493664
285.019,0.391159,0.00490525
286.444,0.398451,0.00495383
287.876,0.388248,0.00489213
289.316,0.391989,0.00492034
290.762,0.384414,0.00487654
292.216,0.385792,0.00489033
293.677,0.391752,0.00493017
295.146,0.387461,0.00490659
296.621,0.371133,0.00480932
298.104,0.372738,0.0048241
299.595,0.359388,0.0047411
301.093,0.359786,0.00474575
302.598,0.356734,0.00472938
304.111,0.34542,0.00465877
305.632,0.350732,0.00470029
307.16,0.349605,0.0046986
308.696,0.335354,0.00460656
310.239,0.332543,0.0045926
311.791,0.331853,0.00459373
313.35,0.326278,0.00456083
314.916,0.326329,0.00456347
316.491,0.318206,0.00451177
318.073,0.306954,0.0044387
319.664,0.301022,0.00440119
321.262,0.292109,0.00434145
322.868,0.299586,0.0043994
324.483,0.295557,0.00437781
326.105,0.291757,0.00435708
327.736,0.290262,0.0043496
329.374,0.278687,0.00427026
331.021,0.278911,0.00427759
332.676,0.274038,0.00424415
334.34,0.273442,0.00424652
336.011,0.271947,0.00423963
337.691,0.264424,0.00418463
339.38,0.26407,0.00419177
341.077,0.263716,0.00419253
342.782,0.259898,0.00416623
344.496,0.262557,0.00419267
346.218,0.258858,0.00416891
347.95,0.255188,0.00414354
349.689,0.253305,0.00413148
351.438,0.257931,0.00417415
353.195,0.252681,0.00413798
354.961,0.254061,0.00415527
356.736,0.262357,0.00423035
358.519,0.25162,0.00414456
360.312,0.24707,0.00411203
362.114,0.252516,0.00416409
363.924,0.250616,0.00415604
365.744,0.245488,0.00412001
367.572,0.239125,0.00406861
369.41,0.241528,0.00409737
371.257,0.245698,0.0041385
373.114,0.245197,0.00414121
374.979,0.245815,0.00415267
376.854,0.241631,0.0041234
378.738,0.249943,0.00420285
380.632,0.243324,0.00414728
382.535,0.245592,0.00417502
384.448,0.242426,0.00415527
386.37,0.25005,0.00422714
388.302,0.246478,0.00420931
390.244,0.238505,0.00414206
392.195,0.235042,0.00411802
394.156,0.247948,0.00423523
396.127,0.247385,0.00423867
398.107,0.233695,0.00412326
400.098,0.239777,0.00418748
402.098,0.239192,0.00419157
404.109,0.246327,0.00425933
406.129,0.234589,0.00416481
408.16,0.242213,0.00423844
410.201,0.244901,0.00427093
412.252,0.241358,0.00424628
414.313,0.23712,0.00421891
416.384,0.241106,0.00426425
418.466,0.237148,0.00423705
420.559,0.236182,0.00423763
422.662,0.240366,0.00428152
424.775,0.236098,0.00425001
426.899,0.234217,0.0042447
429.033,0.236541,0.00427124
431.178,0.238833,0.00430036
433.334,0.235751,0.00428172
435.501,0.240103,0.00432595
437.678,0.235484,0.00429731
439.867,0.229813,0.00425127
442.066,0.231661,0.00428084
444.276,0.233647,0.00430346
446.498,0.227725,0.00425997
448.73,0.228379,0.00427453
450.974,0.2309,0.00430502
453.229,0.22091,0.00422142
455.495,0.225883,0.00427695
457.773,0.218798,0.00421808
460.061,0.208846,0.00412974
462.362,0.215177,0.00420154
464.673,0.206741,0.00412646
466.997,0.198477,0.0040533
469.332,0.198235,0.00405731
471.679,0.1979,0.00406489
474.037,0.199909,0.00409516
476.407,0.192415,0.00402846
478.789,0.193981,0.00405627
481.183,0.190341,0.00402439
483.589,0.181375,0.0039414
486.007,0.194864,0.00409516
488.437,0.192582,0.00407864
490.879,0.183003,0.00398334
493.334,0.18448,0.00401257
495.8,0.182229,0.00399402
498.279,0.185913,0.00404329
500.771,0.178938,0.00397728
503.274,0.181975,0.00401962
505.791,0.180741,0.00401877
508.32,0.173705,0.00394354
510.861,0.178297,0.00400619
513.416,0.178922,0.00402627
515.983,0.182321,0.00407328
518.563,0.182134,0.00407686
521.155,0.178052,0.00404519
523.761,0.178422,0.00405977
526.38,0.180847,0.00409952
529.012,0.18626,0.00416876
531.657,0.181963,0.00413278
534.315,0.186685,0.0041925
536.987,0.180889,0.00413827
539.672,0.186266,0.00421428
542.37,0.19636,0.00433744
545.082,0.185817,0.00422932
547.807,0.188046,0.00427127
550.546,0.192388,0.00432905
553.299,0.188735,0.0042991
556.066,0.187685,0.00429729
558.846,0.188787,0.00431947
561.64,0.189395,0.00433519