# X , Y , E Distribution=true

-20.1034,0.00779076,0.00201249
-19.9824,0.00797798,0.00206109
-19.8614,0.00908617,0.0021846
-19.7404,0.00655416,0.00183912
-19.6194,0.00788915,0.00203529
-19.4985,0.00789247,0.00204446
-19.3775,0.00369367,0.00139714
-19.2565,0.00959095,0.00226233
-19.1355,0.00899776,0.00218178
-19.0145,0.00803054,0.00207679
-18.8935,0.0122107,0.00254809
-18.7726,0.00752241,0.00201204
-18.6516,0.0115678,0.00248749
-18.5306,0.0111412,0.00244766
-18.4096,0.0119651,0.00251939
-18.2886,0.0100542,0.00232157
-18.1676,0.0158139,0.00291521
-18.0467,0.00923928,0.00224099
-17.9257,0.0120482,0.00253398
-17.8047,0.0120627,0.00254872
-17.6837,0.00953315,0.00227128
-17.5627,0.0104445,0.00239736
-17.4417,0.011362,0.00250969
-17.3208,0.0121585,0.00256676
-17.1998,0.0174735,0.00308592
-17.0788,0.010552,0.00241501
-16.9578,0.0117624,0.00252482
-16.8368,0.0175014,0.00308544
-16.7158,0.0184481,0.00321072
-16.5949,0.0199133,0.00333708
-16.4739,0.0218479,0.00350854
-16.3529,0.0210349,0.00342928
-16.2319,0.0183662,0.0031965
-16.1109,0.018595,0.00321484
-15.9899,0.0193074,0.00327291
-15.869,0.0205665,0.00338811
-15.748,0.0222703,0.00354448
-15.627,0.0278805,0.0039699
-15.506,0.0275829,0.00395003
-15.385,0.0290528,0.00405282
-15.264,0.0302068,0.00411986
-15.1431,0.034323,0.00444384
-15.0221,0.0374746,0.0046483
-14.9011,0.0398162,0.00479025
-14.7801,0.0378703,0.00466914
-14.6591,0.0418868,0.00489286
-14.5381,0.0469616,0.00520977
-14.4172,0.0541387,0.00562241
-14.2962,0.068841,0.00635095
-14.1752,0.070016,0.00642109
-14.0542,0.066367,0.00625444
-13.9332,0.076166,0.00667789
-13.8122,0.0859551,0.00711182
-13.6913,0.0984064,0.00758361
-13.5703,0.0950955,0.00749387
-13.4493,0.1111,0.00810249
-13.3283,0.0985713,0.00760608
-13.2073,0.11575,0.00825471
-13.0863,0.0995283,0.00764905
-12.9654,0.109628,0.00802719
-12.8444,0.115818,0.00826917
-12.7234,0.122392,0.00848305
-12.6024,0.124275,0.00856513
-12.4814,0.126055,0.00864161
-12.3604,0.123565,0.00852956
-12.2395,0.127815,0.00868038
-12.1185,0.133043,0.00885048
-11.9975,0.140838,0.00913481
-11.8765,0.132922,0.00887277
-11.7555,0.139995,0.0090943
-11.6345,0.155075,0.0095769
-11.5136,0.16113,0.00974745
-11.3926,0.155839,0.00958128
-11.2716,0.137611,0.00901372
-11.1506,0.158322,0.00969735
-11.0296,0.161744,0.00977643
-10.9086,0.158663,0.00970116
-10.7877,0.176471,0.0102208
-10.6667,0.199861,0.0109081
-10.5457,0.186595,0.0105417
-10.4247,0.17532,0.0101947
-10.3037,0.204675,0.0110312
-10.1828,0.20124,0.0109468
-10.0618,0.176663,0.0102432
-9.94078,0.213204,0.0112656
-9.8198,0.207741,0.0111236
-9.69882,0.217273,0.0113775
-9.57783,0.212853,0.0112533
-9.45685,0.222201,0.0115168
-9.33587,0.224434,0.0115699
-9.21488,0.219228,0.0114396
-9.0939,0.219487,0.0114452
-8.97292,0.241811,0.0120151
-8.85194,0.245842,0.0121188
-8.73095,0.231792,0.0117751
-8.60997,0.233542,0.0118351
-8.48899,0.211738,0.0112522
-8.368,0.220351,0.0114552
-8.24702,0.219828,0.0114587
-8.12604,0.208254,0.011157
-8.00505,0.178142,0.010324
-7.88407,0.218477,0.0114443
-7.76309,0.206894,0.0111089
-7.6421,0.222809,0.0115415
-7.52112,0.219529,0.0114377
-7.40014,0.212475,0.0112657
-7.27915,0.222783,0.011541
-7.15817,0.213148,0.0112795
-7.03719,0.219495,0.0114477
-6.9162,0.212619,0.0112546
-6.79522,0.2265,0.0116415
-6.67424,0.219586,0.0114684
-6.55326,0.235065,0.0118569
-6.43227,0.255348,0.0123487
-6.31129,0.257632,0.0124228
-6.19031,0.245204,0.0121046
-6.06932,0.264219,0.0125869
-5.94834,0.263011,0.012549
-5.82736,0.269592,0.0127161
-5.70637,0.287734,0.0131085
-5.58539,0.299286,0.0133593
-5.46441,0.279869,0.0128703
-5.34342,0.324631,0.0139114
-5.22244,0.339356,0.0141892
-5.10146,0.343654,0.0142789
-4.98047,0.346332,0.0143278
-4.85949,0.373332,0.0148285
-4.73851,0.407199,0.0154942
-4.61752,0.414923,0.0156093
-4.49654,0.469127,0.0166176
-4.37556,0.526646,0.0175551
-4.25457,0.592499,0.0185973
-4.13359,0.682133,0.0199001
-4.01261,0.795275,0.0214767
-3.89163,1.02105,0.0243357
-3.77064,1.17065,0.0260561
-3.64966,1.41062,0.0285753
-3.52868,1.7403,0.0317532
-3.40769,2.10582,0.0349381
-3.28671,2.59983,0.0388326
-3.16573,3.12781,0.0426385
-3.04474,3.83512,0.0472412
-2.92376,4.36894,0.050484
-2.80278,5.26514,0.0554231
-2.68179,6.00301,0.0592637
-2.56081,6.92624,0.0636304
-2.43983,8.01324,0.0684628
-2.31884,9.08781,0.0729688
-2.19786,10.529,0.0786007
-2.07688,12.1123,0.0844107
-1.95589,13.9233,0.0906415
-1.83491,16.2916,0.0982658
-1.71393,19.0893,0.106665
-1.59295,22.2002,0.11529
-1.47196,25.429,0.123671
-1.35098,28.0462,0.130129
-1.23,30.8318,0.136596
-1.10901,32.2283,0.139798
-0.988029,33.2331,0.142065
-0.867046,33.5242,0.142743
-0.746063,33.4186,0.142557
-0.62508,33.1192,0.141898
-0.504097,32.2957,0.140089
-0.383113,31.2447,0.137782
-0.26213,29.7418,0.134404
-0.141147,28.1882,0.130778
-0.0201639,26.741,0.127335
0.100819,25.6717,0.124748
0.221802,24.9412,0.123034
0.342786,23.4547,0.119391
0.463769,22.4351,0.116867
0.584752,20.9089,0.112898
0.705735,19.4939,0.109067
0.826718,18.1697,0.105373
0.947701,16.571,0.100655
1.06868,14.9058,0.0954893
1.18967,13.766,0.0918197
1.31065,12.2724,0.0867079
1.43163,11.0036,0.0820946
1.55262,9.73736,0.0772358
1.6736,8.68171,0.0729146
1.79458,7.72511,0.068794
1.91557,6.99864,0.0654977
2.03655,6.36012,0.0624096
2.15753,5.88491,0.0600485
2.27852,5.70458,0.0591208
2.3995,5.38778,0.0574519
2.52048,5.16279,0.0562532
2.64147,4.86378,0.0546388
2.76245,4.68832,0.0536715
2.88343,4.40625,0.0520728
3.00442,4.1165,0.0503664
3.1254,4.03201,0.0498843
3.24638,3.90153,0.0490913
3.36736,3.76019,0.0482291
3.48835,3.75235,0.0481734
3.60933,3.69878,0.0478826
3.73031,3.57428,0.047095
3.8513,3.56639,0.0470491
3.97228,3.3833,0.0458452
4.09326,3.36922,0.0457701
4.21425,3.27881,0.0451849
4.33523,3.17448,0.0444745
4.45621,2.94047,0.0428401
4.5772,2.75897,0.0415131
4.69818,2.61003,0.0403879
4.81916,2.5106,0.0396479
4.94015,2.43619,0.0391039
5.06113,2.27928,0.037816
5.18211,2.14817,0.0367507
5.3031,2.07089,0.036111
5.42408,1.93544,0.0349428
5.54506,1.77698,0.0335027
5.66605,1.78401,0.0336069
5.78703,1.72179,0.0330351
5.90801,1.69588,0.0328065
6.02899,1.61571,0.0320343
6.14998,1.60677,0.0319884
6.27096,1.61029,0.0320442
6.39194,1.53119,0.0312656
6.51293,1.47491,0.0307153
6.63391,1.49955,0.030991
6.75489,1.46042,0.030613
6.87588,1.41289,0.0301392
6.99686,1.42679,0.0302898
7.11784,1.49441,0.0310279
7.23883,1.46061,0.030698
7.35981,1.49552,0.0310799
7.48079,1.48481,0.0309752
7.60178,1.44664,0.0306001
7.72276,1.41158,0.0302324
7.84374,1.44586,0.0306171
7.96473,1.43496,0.0305102
8.08571,1.44046,0.0306005
8.20669,1.42127,0.0303978
8.32767,1.36233,0.0298094
8.44866,1.23484,0.028401
8.56964,1.14281,0.0273614
8.69062,1.03157,0.0260084
8.81161,0.96804,0.0252459
8.93259,0.927519,0.024733
9.05357,0.896131,0.0243452
9.17456,0.870909,0.024024
9.29554,0.870205,0.0240391
9.41652,0.824694,0.0234027
9.53751,0.835022,0.02358
9.65849,0.725622,0.0220023
9.77947,0.658983,0.0210072
9.90046,0.626566,0.0205046
10.0214,0.585453,0.0198422
10.1424,0.485879,0.0181029
10.2634,0.523163,0.0188157
10.3844,0.494205,0.0182798
10.5054,0.434825,0.0171559
10.6264,0.385229,0.0161495
10.7473,0.415625,0.0167882
10.8683,0.395833,0.0164152
10.9893,0.418351,0.0168608
11.1103,0.395322,0.0164136
11.2313,0.372121,0.0159464
11.3523,0.333511,0.0150928
11.4732,0.330822,0.0150591
11.5942,0.336793,0.0151824
11.7152,0.364815,0.0158275
11.8362,0.313236,0.0146784
11.9572,0.307029,0.0145393
12.0782,0.288013,0.0141084
12.1991,0.306153,0.0145384
12.3201,0.311951,0.014694
12.4411,0.330612,0.0151391
12.5621,0.298273,0.014401
12.6831,0.301525,0.0144767
12.8041,0.300295,0.0144579
12.925,0.321748,0.0149959
13.046,0.318854,0.0149339
13.167,0.301275,0.0145149
13.288,0.297536,0.0144244
13.409,0.305084,0.0146529
13.53,0.291835,0.0143278
13.6509,0.293013,0.0143514
13.7719,0.265586,0.0136862
13.8929,0.26264,0.0136168
14.0139,0.251766,0.0133522
14.1349,0.221883,0.012538
14.2559,0.236179,0.012947
14.3768,0.23613,0.0129497
14.4978,0.252088,0.0133833
14.6188,0.207201,0.0121517
14.7398,0.208288,0.0121925
14.8608,0.190073,0.0116301
14.9817,0.219901,0.0125232
15.1027,0.178454,0.0112755
15.2237,0.185819,0.0115318
15.3447,0.178053,0.0112788
15.4657,0.171468,0.0110667
15.5867,0.196877,0.0118832
15.7076,0.181422,0.0113986
15.8286,0.16752,0.0109461
15.9496,0.191012,0.0117138
16.0706,0.152117,0.0104618
16.1916,0.149655,0.0103881
16.3126,0.157018,0.0106659
16.4335,0.162489,0.0108368
16.5545,0.162272,0.0108392
16.6755,0.157463,0.0106776
16.7965,0.165478,0.0109648
16.9175,0.15363,0.0105632
17.0385,0.146539,0.0103399
17.1594,0.158917,0.0107441
17.2804,0.143573,0.0102466
17.4014,0.135928,0.00998479
17.5224,0.127276,0.0096771
17.6434,0.125876,0.00962364
17.7644,0.113726,0.00914835
17.8853,0.133544,0.00993525
18.0063,0.102056,0.00869397
18.1273,0.110628,0.00905652
18.2483,0.1071,0.00890701
18.3693,0.117212,0.0093303
18.4903,0.111595,0.00910712
18.6112,0.0960007,0.00845632
18.7322,0.0969207,0.00849269
18.8532,0.100183,0.00865365
18.9742,0.103679,0.00879801
19.0952,0.0979166,0.00854151
19.2162,0.106238,0.00892029
19.3371,0.0854927,0.008022
19.4581,0.0889909,0.00818702
19.5791,0.0881175,0.00814979
19.7001,0.0945523,0.00843936
19.8211,0.113475,0.00925942
19.9421,0.0847832,0.00798801
20.063,0.0954549,0.00850007
20.184,0.102259,0.00880707
20.305,0.0777123,0.00766475
20.426,0.0830628,0.00793963
20.547,0.0885095,0.00820775
20.668,0.0906524,0.00831295
20.7889,0.0923328,0.00839043
20.9099,0.101419,0.00878541
21.0309,0.0887433,0.00824641
21.1519,0.0887255,0.00824043
21.2729,0.0897351,0.00828553
21.3939,0.0905667,0.00833548
21.5148,0.0979683,0.00868108
21.6358,0.072822,0.00746321
21.7568,0.0886415,0.00825447
21.8778,0.0787733,0.00778303
21.9988,0.0736973,0.0075318
22.1198,0.0913225,0.00838312
22.2407,0.0758312,0.0076599
22.3617,0.0810319,0.00790405
22.4827,0.0814883,0.00794954
22.6037,0.0764386,0.00770144
22.7247,0.093469,0.0085139
22.8457,0.0751562,0.0076452
22.9666,0.0788209,0.00781572
23.0876,0.0963278,0.00867082
23.2086,0.0851661,0.00817236
23.3296,0.0718942,0.0075123
23.4506,0.0771636,0.0077535
23.5716,0.0850855,0.00818393
23.6925,0.0889863,0.00834985
23.8135,0.0882887,0.008343
23.9345,0.0798458,0.00793914
24.0555,0.0815023,0.00803439
24.1563,0.0836585,0.00994122
24.2571,0.0871069,0.00428895
24.3784,0.0838894,0.00420277
24.5003,0.0816101,0.00414097
24.6228,0.0779275,0.00401833
24.7459,0.0808399,0.00407522
24.8696,0.0821652,0.00411019
24.994,0.081705,0.00409523
25.119,0.0832811,0.00412821
25.2446,0.0820367,0.00408329
25.3708,0.0734483,0.00384504
25.4976,0.0808697,0.00401319
25.6251,0.0786306,0.00395489
25.7533,0.0828937,0.00405726
25.882,0.082571,0.00404178
26.0114,0.0857566,0.00409119
26.1415,0.0768795,0.00387536
26.2722,0.0821335,0.00399566
26.4036,0.0889018,0.00414739
26.5356,0.0850645,0.0040481
26.6682,0.0847974,0.00402819
26.8016,0.0775695,0.00384706
26.9356,0.0783566,0.00384995
27.0703,0.0809739,0.00390488
27.2056,0.0819824,0.00391447
27.3417,0.0788348,0.00382642
27.4784,0.0812257,0.00388313
27.6158,0.076359,0.00375614
27.7538,0.0851736,0.00396558
27.8926,0.0805451,0.00383835
28.0321,0.0840296,0.00391491
28.1722,0.0776021,0.00374819
28.3131,0.0818906,0.00384534
28.4547,0.0820008,0.00384221
28.5969,0.082167,0.00383705
28.7399,0.0796632,0.00377686
28.8836,0.0842989,0.00385921
29.028,0.0829049,0.0038299
29.1732,0.0783587,0.00371209
29.319,0.0757472,0.00364177
29.4656,0.0760269,0.00364179
29.613,0.0725376,0.00354798
29.761,0.0641409,0.00332397
29.9098,0.0766779,0.00362997
30.0594,0.0703071,0.0034649
30.2097,0.0727975,0.00352262
30.3607,0.0728618,0.00351414
30.5125,0.0725175,0.00349448
30.6651,0.0692013,0.00340054
30.8184,0.0765832,0.00357184
30.9725,0.0670102,0.00334454
31.1274,0.0693064,0.00338857
31.283,0.070072,0.00339501
31.4394,0.072358,0.00344659
31.5966,0.0686121,0.00334635
31.7546,0.0745627,0.00348274
31.9134,0.0645822,0.00323123
32.0729,0.0660829,0.00325991
32.2333,0.0739773,0.00343792
32.3945,0.0746062,0.00345371
32.5564,0.077564,0.00351577
32.7192,0.0709776,0.00335363
32.8828,0.0686023,0.00328789
33.0472,0.0687052,0.00328445
33.2125,0.0714537,0.0033419
33.3785,0.0732078,0.00337818
33.5454,0.0728682,0.00335916
33.7132,0.072901,0.00334871
33.8817,0.0745107,0.00338257
34.0511,0.0658733,0.00316863
34.2214,0.0697664,0.00325521
34.3925,0.0746045,0.00336338
34.5645,0.0720712,0.00330142
34.7373,0.0751136,0.00335897
34.911,0.066943,0.00316633
35.0855,0.0730295,0.00330103
35.2609,0.0720063,0.00327252
35.4373,0.0739867,0.00330725
35.6144,0.0761807,0.00334685
35.7925,0.079074,0.0034054
35.9715,0.081476,0.00343877
36.1513,0.0748783,0.0032892
36.3321,0.0731153,0.00324912
36.5137,0.0796149,0.00338823
36.6963,0.0722979,0.00321839
36.8798,0.0787096,0.00336084
37.0642,0.0739541,0.00324367
37.2495,0.0765108,0.00329036
37.4358,0.073096,0.0032099
37.6229,0.0773766,0.00328922
37.8111,0.0779167,0.00330365
38.0001,0.0761049,0.00325187
38.1901,0.0746814,0.00321187
38.3811,0.07489,0.00321222
38.573,0.0710827,0.00311963
38.7658,0.0761093,0.00322573
38.9597,0.0711899,0.00311105
39.1545,0.0714111,0.00310759
39.3502,0.0778609,0.00324699
39.547,0.0736978,0.00315482
39.7447,0.0738201,0.00313714
39.9434,0.0742796,0.00314289
40.1432,0.0740139,0.00313311
40.3439,0.0733965,0.00311298
40.5456,0.0781503,0.00320871
40.7483,0.0749391,0.00312933
40.9521,0.074993,0.00312684
41.1568,0.0752373,0.00312546
41.3626,0.0708064,0.00303174
41.5694,0.0786041,0.00318615
41.7773,0.0760165,0.00312091
41.9862,0.0754265,0.00310592
42.1961,0.079095,0.00317388
42.4071,0.0742538,0.00306389
42.6191,0.0695684,0.00296127
42.8322,0.0728574,0.00302177
43.0464,0.07108,0.00298436
43.2616,0.0754449,0.00306611
43.4779,0.0724497,0.00299851
43.6953,0.0759169,0.00305757
43.9138,0.0729147,0.00299405
44.1333,0.0684292,0.00289663
44.354,0.07538,0.00302709
44.5758,0.0732324,0.0029847
44.7987,0.0685703,0.00287546
45.0226,0.0730573,0.00296531
45.2478,0.069773,0.00288878
45.474,0.0703566,0.002897
45.7014,0.0741625,0.00297567
45.9299,0.0699466,0.0028785
46.1595,0.0713614,0.00290407
46.3903,0.0728168,0.00292917
46.6223,0.0717461,0.00289744
46.8554,0.0717792,0.00289109
47.0897,0.0744202,0.00293537
47.3251,0.0689675,0.00282595
47.5617,0.0733773,0.00291336
47.7995,0.073452,0.00290588
48.0385,0.0725929,0.00288586
48.2787,0.0711791,0.00285223
48.5201,0.0722319,0.00286247
48.7627,0.0741271,0.00289637
49.0065,0.0694795,0.00279983
49.2516,0.0717923,0.0028405
49.4978,0.0718321,0.00283624
49.7453,0.0712564,0.00281458
49.994,0.0738535,0.00286273
50.244,0.0705128,0.00278759
50.4952,0.0748374,0.00287163
50.7477,0.0724409,0.00281875
51.0015,0.0738505,0.00283911
51.2565,0.0679297,0.0027246
51.5127,0.0691546,0.00273516
51.7703,0.0691044,0.00273275
52.0292,0.0770208,0.00287956
52.2893,0.0700923,0.00273975
52.5507,0.0758674,0.0028442
52.8135,0.0697137,0.00272572
53.0776,0.0708849,0.00274002
53.343,0.0697588,0.00271689
53.6097,0.0729504,0.00276957
53.8777,0.072276,0.00275843
54.1471,0.0733792,0.00277424
54.4178,0.0716358,0.00273624
54.6899,0.0688894,0.00267953
54.9634,0.0678592,0.00265385
55.2382,0.0768703,0.00282083
55.5144,0.071465,0.00271345
55.792,0.0771925,0.00281615
56.0709,0.0718654,0.00271571
56.3513,0.0724851,0.00272212
56.633,0.0717281,0.0027034
56.9162,0.0708215,0.00268181
57.2008,0.0747483,0.00274593
57.4868,0.0712741,0.00268248
57.7742,0.0758017,0.0027621
58.0631,0.0700839,0.00264925
58.3534,0.0758654,0.00275642
58.6452,0.0685745,0.0026146
58.9384,0.0759414,0.0027488
59.2331,0.0727153,0.0026813
59.5293,0.0740068,0.00269767
59.8269,0.0732886,0.00268442
60.126,0.0764109,0.00273593
60.4267,0.0691935,0.00259769
60.7288,0.068352,0.00257983
61.0324,0.0743953,0.00268527
61.3376,0.0748526,0.00269133
61.6443,0.0727772,0.00264934
61.9525,0.0752373,0.00269082
62.2623,0.0759026,0.00269874
62.5736,0.076678,0.0027051
62.8865,0.0759676,0.00269146
63.2009,0.0757721,0.00268252
63.5169,0.0720294,0.00260522
63.8345,0.0778212,0.00271108
64.1537,0.0747968,0.00265072
64.4744,0.0802684,0.00274316
64.7968,0.0783044,0.00270453
65.1208,0.0802796,0.00273415
65.4464,0.0825288,0.00277002
65.7736,0.0811693,0.00274583
66.1025,0.0841163,0.00278828
66.433,0.0893458,0.00287157
66.7652,0.0858572,0.00281255
67.099,0.0873406,0.00283172
67.4345,0.0906396,0.00288274
67.7716,0.0949848,0.00294338
68.1105,0.0972799,0.00297796
68.4511,0.0986955,0.0029964
68.7933,0.0979138,0.00298175
69.1373,0.101147,0.00302984
69.483,0.101931,0.00303944
69.8304,0.10293,0.00305109
70.1795,0.108198,0.00312457
70.5304,0.111299,0.00316469
70.8831,0.1202,0.00328915
71.2375,0.116121,0.00323124
71.5937,0.130772,0.00342836
71.9517,0.138564,0.00352848
72.3114,0.154852,0.00372807
72.673,0.154802,0.00373069
73.0363,0.161176,0.00380503
73.4015,0.172111,0.00393066
73.7685,0.175863,0.00397072
74.1374,0.173266,0.00393528
74.5081,0.156774,0.00373549
74.8806,0.141226,0.00353689
75.255,0.121963,0.00327812
75.6313,0.106077,0.00304733
76.0094,0.107677,0.00306575
76.3895,0.103256,0.0029962
76.7714,0.0989917,0.00293014
77.1553,0.101373,0.00295673
77.5411,0.0957954,0.00286748
77.9288,0.0963916,0.00287282
78.3184,0.0963559,0.00287029
78.71,0.0947248,0.00284032
79.1035,0.100729,0.00292214
79.4991,0.0938524,0.00281685
79.8966,0.0957446,0.00284068
80.296,0.0962358,0.00284228
80.6975,0.0997088,0.00288861
81.101,0.100801,0.00289924
81.5065,0.0976123,0.00285062
81.9141,0.0925488,0.00277017
82.3236,0.0929499,0.00277378
82.7352,0.0907051,0.00273647
83.1489,0.0944581,0.0027903
83.5647,0.0854142,0.00264736
83.9825,0.08704,0.00266977
84.4024,0.0842288,0.00262165
84.8244,0.0883049,0.00268112
85.2485,0.0865122,0.00265031
85.6748,0.0854038,0.00263094
86.1031,0.0840422,0.00260726
86.5337,0.0858998,0.00263155
86.9663,0.0839136,0.00259711
87.4012,0.0854822,0.00261809
87.8382,0.0852029,0.0026106
88.2774,0.0863061,0.00262585
88.7187,0.0850388,0.00260325
89.1623,0.0849058,0.00259474
89.6082,0.0821593,0.00254997
90.0562,0.0875389,0.0026278
90.5065,0.0859817,0.00259799
90.959,0.0850929,0.00258385
91.4138,0.0850781,0.00258232
91.8709,0.0867319,0.00259718
92.3302,0.0848351,0.00256684
92.7919,0.0805067,0.00249472
93.2558,0.0891844,0.00262366
93.7221,0.0873566,0.00259378
94.1907,0.0872042,0.00258308
94.6617,0.0887245,0.00260204
95.135,0.0873665,0.00257839
95.6107,0.0875289,0.00257952
96.0887,0.0915765,0.00263003
96.5692,0.0933891,0.00265327
97.052,0.087969,0.00257099
97.5373,0.093469,0.00264691
98.0249,0.0932876,0.00263533
98.5151,0.0957916,0.00266935
99.0076,0.0996795,0.00271925
99.5027,0.0989657,0.00270587
100,0.101476,0.00273365
100.5,0.0942365,0.00263086
101.003,0.104175,0.00276446
101.508,0.106176,0.00278899
102.015,0.105871,0.00277958
102.525,0.105919,0.00277804
103.038,0.104619,0.00275852
103.553,0.104588,0.0027585
104.071,0.106221,0.00277774
104.591,0.102896,0.00273003
105.114,0.11092,0.00283044
105.64,0.110306,0.00282191
106.168,0.107439,0.00278107
106.699,0.1096,0.00280714
107.232,0.114356,0.00286404
107.768,0.112909,0.00284235
108.307,0.112404,0.00283169
108.849,0.110665,0.00280445
109.393,0.115775,0.00286669
109.94,0.118876,0.00289881
110.49,0.118386,0.00288911
111.042,0.12268,0.00293105
111.597,0.12468,0.00295298
112.155,0.126308,0.00296842
112.716,0.122205,0.00292106
113.28,0.122724,0.00292547
113.846,0.12426,0.00294151
114.415,0.124597,0.00294347
114.987,0.123166,0.00292533
115.562,0.127114,0.00296912
116.14,0.126866,0.00296305
116.721,0.129258,0.0029905
117.305,0.130392,0.00300082
117.891,0.136319,0.00306965
118.481,0.137679,0.00308253
119.073,0.132904,0.0030269
119.668,0.137371,0.00307831
120.267,0.140413,0.00311167
120.868,0.135239,0.00304974
121.472,0.141378,0.0031167
122.08,0.141271,0.00311456
122.69,0.139494,0.00309176
123.304,0.139151,0.00308568
123.92,0.136813,0.00305873
124.54,0.137629,0.00306683
125.162,0.137713,0.0030613
125.788,0.143862,0.00312721
126.417,0.139478,0.00307558
127.049,0.139277,0.00307066
127.684,0.145058,0.00313223
128.323,0.146938,0.00314937
128.964,0.152163,0.00320628
129.609,0.153641,0.00321718
130.257,0.153778,0.00321472
130.909,0.153299,0.00320525
131.563,0.154875,0.00322276
132.221,0.166656,0.00333879
132.882,0.162461,0.00329262
133.546,0.170444,0.0033736
134.214,0.175857,0.00342432
134.885,0.175945,0.00342143
135.56,0.184763,0.00350355
136.238,0.193495,0.00358243
136.919,0.198304,0.00362724
137.603,0.201957,0.00365616
138.291,0.218441,0.003798
138.983,0.221878,0.00382545
139.678,0.221916,0.00382304
140.376,0.23093,0.00389735
141.078,0.240479,0.00397627
141.783,0.239931,0.00396795
142.492,0.250362,0.00405061
143.205,0.260735,0.00413432
143.921,0.260374,0.004129
144.64,0.266419,0.00417357
145.364,0.273529,0.00422991
146.09,0.280317,0.00428018
146.821,0.281015,0.00428428
147.555,0.289042,0.00434149
148.293,0.292344,0.00436227
149.034,0.290213,0.00434555
149.779,0.28781,0.00432623
150.528,0.288077,0.00432723
151.281,0.29316,0.00436351
152.037,0.293422,0.00436324
152.797,0.293608,0.00436016
153.561,0.294482,0.004366
154.329,0.302407,0.00442406
155.101,0.299266,0.00439973
155.876,0.29433,0.00436214
156.656,0.302752,0.00442072
157.439,0.293712,0.00435399
158.226,0.294755,0.00436087
159.017,0.295493,0.00436471
159.812,0.290564,0.00432613
160.612,0.286563,0.00429415
161.415,0.292386,0.0043358
162.222,0.283206,0.00426563
163.033,0.290069,0.00431931
163.848,0.281319,0.00425202
164.667,0.287899,0.00430169
165.491,0.287091,0.00429567
166.318,0.291127,0.00432654
167.15,0.291654,0.00432958
167.985,0.280398,0.00424841
168.825,0.279033,0.00423684
169.669,0.282193,0.00426323
170.518,0.282643,0.00426707
171.37,0.281152,0.00425388
172.227,0.27635,0.00421807
173.088,0.265998,0.00414091
173.954,0.267066,0.00414659
174.823,0.262016,0.00410865
175.698,0.258546,0.00408077
176.576,0.257604,0.00407339
177.459,0.255011,0.0040506
178.346,0.256793,0.0040658
179.238,0.255316,0.0040511
180.134,0.252027,0.00402597
181.035,0.252483,0.00402901
181.94,0.260815,0.00409445
182.85,0.254651,0.00404376
183.764,0.253266,0.00403077
184.683,0.25762,0.00406565
185.606,0.258527,0.00407069
186.534,0.258084,0.00406487
187.467,0.257201,0.00406018
188.404,0.266022,0.00412577
189.346,0.269898,0.00415929
190.293,0.274668,0.00419286
191.244,0.27013,0.00415867
192.201,0.269482,0.00415355
193.162,0.267064,0.00413706
194.128,0.259103,0.00407529
195.098,0.251253,0.0040156
196.074,0.236713,0.00389723
197.054,0.227935,0.00382102
198.039,0.226736,0.00380924
199.029,0.215891,0.00371516
200.025,0.213113,0.00369253
201.025,0.213988,0.00370337
202.03,0.212642,0.00369178
203.04,0.210628,0.00367186
204.055,0.20527,0.00362493
205.075,0.208941,0.00366001
206.101,0.205923,0.00363079
207.131,0.202078,0.00359646
208.167,0.199264,0.00357042
209.208,0.190417,0.00349099
210.254,0.193558,0.00352111
211.305,0.192043,0.00350656
212.362,0.188632,0.00347786
213.424,0.194565,0.00353253
214.491,0.19141,0.00350355
215.563,0.193493,0.00352733
216.641,0.194583,0.0035358
217.724,0.191358,0.00350981
218.813,0.193835,0.00353338
219.907,0.202201,0.00361408
221.006,0.204058,0.00362848
222.111,0.207744,0.00366666
223.222,0.206758,0.00365768
224.338,0.207253,0.0036616
225.46,0.217524,0.00375203
226.587,0.209656,0.00368365
227.72,0.210428,0.00369088
228.859,0.212189,0.00370367
230.003,0.205362,0.00364177
231.153,0.20093,0.00360169
232.309,0.2032,0.0036208
233.47,0.211633,0.00369589
234.638,0.213353,0.00370748
235.811,0.214813,0.00371968
236.99,0.221041,0.00377799
238.175,0.226155,0.00381985
239.366,0.225916,0.00382217
240.562,0.227222,0.0038309
241.765,0.236514,0.00391303
242.974,0.232126,0.0038734
244.189,0.233374,0.00388611
245.41,0.226022,0.00382534
246.637,0.221442,0.00378509
247.87,0.220558,0.00377921
249.109,0.210959,0.00369535
250.355,0.210676,0.00369189
251.607,0.212449,0.00370617
252.865,0.191833,0.00352297
254.129,0.193891,0.00354252
255.4,0.185431,0.003466
256.677,0.186289,0.00347099
257.96,0.1823,0.00343402
259.25,0.181022,0.00342101
260.546,0.1767,0.00338095
261.849,0.177239,0.00338709
263.158,0.175472,0.00337131
264.474,0.184865,0.00346283
265.796,0.174401,0.0033629
267.125,0.183252,0.00344763
268.461,0.190037,0.0035103
269.803,0.200826,0.00361321
271.152,0.201006,0.00361309
272.508,0.20165,0.00362264
273.871,0.212104,0.0037133
275.24,0.223049,0.00381073
276.616,0.23273,0.00389729
277.999,0.242065,0.00397317
279.389,0.246364,0.00401188
280.786,0.253518,0.00407212
282.19,0.262493,0.00414631
283.601,0.276153,0.00425403
285.019,0.279556,0.00428316
286.444,0.278932,0.00428161
287.876,0.287922,0.00435239
289.316,0.292141,0.00438938
290.762,0.282968,0.00432306
292.216,0.282001,0.00431598
293.677,0.27292,0.00424995
295.146,0.274539,0.00426814
296.621,0.267628,0.00421674
298.104,0.252532,0.00409957
299.595,0.250012,0.00408414
301.093,0.236016,0.00397075
302.598,0.232263,0.0039408
304.111,0.233206,0.00395652
305.632,0.226306,0.00390096
307.16,0.225296,0.00389393
308.696,0.221594,0.00386869
310.239,0.204278,0.00371718
311.791,0.206364,0.0037412
313.35,0.198158,0.00367243
314.916,0.182614,0.00352859
316.491,0.180697,0.00351408
318.073,0.173759,0.00345293
319.664,0.162296,0.00334225
321.262,0.155011,0.00327025
322.868,0.1454,0.00317389
324.483,0.137753,0.00309243
326.105,0.129498,0.0030036
327.736,0.126434,0.00297345
329.374,0.124922,0.00296112
331.021,0.118113,0.00288021
332.676,0.115345,0.0028529
334.34,0.113517,0.00283296
336.011,0.111343,0.00281101
337.691,0.109215,0.00278558
339.38,0.109093,0.00278802
341.077,0.10448,0.00273361
342.782,0.100375,0.00268515
344.496,0.102606,0.00271537
346.218,0.106422,0.00276745
347.95,0.102682,0.00272228
349.689,0.101639,0.0027108
351.438,0.0991904,0.00268526
353.195,0.0967016,0.00265203
354.961,0.0928933,0.00260355
356.736,0.0974342,0.00266929
358.519,0.101907,0.00273358
360.312,0.102363,0.00274429
362.114,0.0981496,0.00269111
363.924,0.0996989,0.00271944
365.744,0.0987541,0.00270454
367.572,0.0932183,0.00263092
369.41,0.0946825,0.00265572
371.257,0.0943877,0.00265953
373.114,0.0956929,0.00268073
374.979,0.0982677,0.00272072
376.854,0.0945221,0.00267084
378.738,0.0974553,0.00271764
380.632,0.104056,0.00281216
382.535,0.0997852,0.00275824
384.448,0.100562,0.0027737
386.37,0.10236,0.00280285
388.302,0.0977954,0.00274333
390.244,0.103369,0.00282366
392.195,0.0988344,0.00276592
394.156,0.0994806,0.00278135
396.127,0.103837,0.00284337
398.107,0.101489,0.00281975
400.098,0.102021,0.00283051
402.098,0.104415,0.00287038
404.109,0.105749,0.00289052
406.129,0.109022,0.00294205
408.16,0.108169,0.00293686
410.201,0.109777,0.00296585
412.252,0.113956,0.00302578
414.313,0.116135,0.00305685
416.384,0.114978,0.00304859
418.466,0.11547,0.00306205
420.559,0.113587,0.00304344
422.662,0.113012,0.00303945
424.775,0.120188,0.00314037
426.899,0.115818,0.00309092
429.033,0.119044,0.00313935
431.178,0.116244,0.00310749
433.334,0.113975,0.00308597
435.501,0.115034,0.00310692
437.678,0.122628,0.00321566
439.867,0.120892,0.00319629
442.066,0.125226,0.00326594
444.276,0.120988,0.00321382
446.498,0.120787,0.00321562
448.73,0.12117,0.00322728
450.974,0.117901,0.0031915
453.229,0.125571,0.00329548
455.495,0.127123,0.00332401
457.773,0.119091,0.00322499
460.061,0.118805,0.00323097
462.362,0.120651,0.00326311
464.673,0.118444,0.00324043
466.997,0.117687,0.00323517
469.332,0.114991,0.00320788
471.679,0.116948,0.00324066
474.037,0.119718,0.00328923
476.407,0.113559,0.00321322
478.789,0.111669,0.00319316
481.183,0.113179,0.00322423
483.589,0.115481,0.0032588
486.007,0.111728,0.00321422
488.437,0.106258,0.00314261
490.879,0.103088,0.00310237
493.334,0.107734,0.00318164
495.8,0.104605,0.00313813
498.279,0.101786,0.00310427
500.771,0.0989471,0.00306581
503.274,0.0979188,0.00305725
505.791,0.0996719,0.00309333
508.32,0.0961674,0.00304519
510.861,0.0960647,0.00304814
513.416,0.0919462,0.00299075
515.983,0.0934045,0.00302302
518.563,0.0926264,0.00302002
521.155,0.0933836,0.00303756
523.761,0.0928088,0.00303159
526.38,0.0937194,0.00305733
529.012,0.0958549,0.00310346
531.657,0.092354,0.0030502
534.315,0.091948,0.00305098
536.987,0.0946476,0.00310248
539.672,0.0959826,0.00313145
542.37,0.0936591,0.00310386
545.082,0.0965923,0.00316111
547.807,0.0943498,0.00313776
550.546,0.0983719,0.00321262
553.299,0.101689,0.00327263
556.066,0.0957679,0.00318283
558.846,0.0952111,0.00318044
561.64,0.0982218,0.00324293
564.448,0.100221,0.00328506
567.271,0.095984,0.00322547
570.107,0.0973067,0.003253
572.958,0.101179,0.00332554
575.822,0.0979948,0.00328182
578.702,0.0977094,0.00328515
581.595,0.100654,0.00334556
584.503,0.104798,0.00342177
587.426,0.101578,0.00338251
590.363,0.094937,0.00328039
593.314,0.0993828,0.00336552
596.281,0.0953116,0.00330011
599.262,0.0959885,0.00332517
602.259,0.0973947,0.00335455
605.27,0.0978147,0.00337698
608.296,0.102409,0.00346633
611.338,0.0951298,0.0033486
614.395,0.099543,0.00343907
617.467,0.100126,0.00345936
620.554,0.0965698,0.00341116
623.657,0.0995515,0.0034672
626.775,0.0999892,0.003493
629.909,0.0945201,0.00340416
633.058,0.0987747,0.00349299
636.224,0.0942378,0.00341746
639.405,0.0882393,0.0033212
642.602,0.0951513,0.00345949
645.815,0.0948987,0.00346442
649.044,0.0943511,0.00347151
652.289,0.0922186,0.00344287
655.551,0.0910431,0.00342526
658.828,0.0969386,0.00354718
662.122,0.0943554,0.00350642
665.433,0.092393,0.00348427
668.76,0.0914424,0.00347493
672.104,0.090145,0.00346936
675.464,0.0901024,0.00347797
678.842,0.0924518,0.00353285
682.236,0.0949363,0.00359015
685.647,0.087701,0.00346137
689.075,0.0920826,0.0035547
692.521,0.0936394,0.00359728
695.983,0.0963449,0.0036631
699.463,0.0959542,0.00367753
702.961,0.0933372,0.00363234
706.475,0.0929662,0.00363641
710.008,0.0927293,0.00364234
713.558,0.0980514,0.00375057
717.126,0.0971802,0.00375298
720.711,0.0972658,0.00376945
724.315,0.09598,0.00374942
727.936,0.0913066,0.0036792
731.576,0.0914485,0.00369447
735.234,0.101263,0.0038968
738.91,0.10087,0.0039077
742.605,0.0967477,0.00384559
746.318,0.100126,0.00392131
750.049,0.101391,0.0039506
753.8,0.0992324,0.00392336
757.569,0.0925328,0.00380817
761.356,0.0946809,0.00386084
765.163,0.097058,0.00391814
768.989,0.101138,0.00401489
772.834,0.0996378,0.00399568
776.698,0.0989077,0.00399534
780.582,0.0980198,0.00399629
784.485,0.102745,0.00410283
788.407,0.103041,0.0041176
792.349,0.10254,0.00412137
796.311,0.104452,0.00417844
800.292,0.102119,0.0041363
804.294,0.103697,0.00419453
808.315,0.112623,0.00437582
812.357,0.106656,0.00428146
816.419,0.0992998,0.00414752
820.501,0.100954,0.00419556
824.603,0.10612,0.00431659
828.726,0.105716,0.00432285
832.87,0.110357,0.00442748
837.034,0.109424,0.00442642
841.219,0.105057,0.00435291
845.425,0.097788,0.00421698
849.653,0.109553,0.00448319
853.901,0.103177,0.00435928
858.17,0.102044,0.00435183
862.461,0.100491,0.00433691
866.773,0.102614,0.00440117
871.107,0.0999687,0.0043506
875.463,0.0961565,0.00428176
879.84,0.0951365,0.00427644
884.239,0.0979021,0.00435032
888.661,0.100504,0.00442057
893.104,0.102002,0.00448392
897.569,0.105263,0.00456766
902.057,0.0974246,0.00441085
906.568,0.0997479,0.00447948
911.1,0.102185,0.00454966
915.656,0.100899,0.00453844
920.234,0.10102,0.00455211
924.835,0.100009,0.00454012
929.46,0.0983864,0.00452809
934.107,0.0951651,0.0044611
938.777,0.102019,0.0046489
943.471,0.103019,0.00468097
948.189,0.0994383,0.00461699
952.93,0.102849,0.00471547
957.694,0.105193,0.00478241
962.483,0.0969164,0.0046128
967.295,0.100821,0.00470665
972.132,0.101017,0.00473304
976.992,0.105395,0.00485972
981.877,0.0903312,0.00450946
986.787,0.0960853,0.00468304
991.72,0.104007,0.00488378
996.679,0.100984,0.00483296
1001.66,0.105067,0.00495079
1006.67,0.104902,0.00497334
1011.7,0.10474,0.00498343
1016.76,0.0999335,0.00489302
1021.85,0.106124,0.00504913
1026.96,0.108275,0.00512096
1032.09,0.106207,0.00509453
1037.25,0.0998802,0.00495742
1042.44,0.0979622,0.00493256
1047.65,0.108472,0.00521463
1052.89,0.108989,0.0052432
1058.15,0.105824,0.00519438
1063.44,0.111614,0.00534789
1068.76,0.110654,0.00533656
1074.1,0.117751,0.00553685
1079.47,0.115119,0.00548916
1084.87,0.120513,0.00564157
1090.3,0.111846,0.00546518
1095.75,0.11838,0.00563611
1101.23,0.119337,0.00567882
1106.73,0.1148,0.00559037
1112.27,0.110901,0.00552083
1117.83,0.105258,0.00539461
1123.42,0.102068,0.00534904
1129.03,0.108116,0.00551345
1134.68,0.112257,0.00564548
1140.35,0.107366,0.00554669
1146.05,0.112841,0.00570585
1151.78,0.101257,0.00544017
1157.54,0.0991273,0.00540408
1163.33,0.106225,0.00559702
1169.15,0.106468,0.00563133
1174.99,0.108633,0.00571782
1180.87,0.115831,0.00593099
1186.77,0.111517,0.00584003
1192.71,0.117664,0.00602325
1198.67,0.118953,0.00606986
1204.66,0.111172,0.00588271
1210.69,0.126155,0.00631035
1216.74,0.123223,0.00626145
1222.82,0.10479,0.00580049
1228.94,0.119893,0.00622923
1235.08,0.117706,0.00619223
1241.26,0.118506,0.00623817
1247.46,0.115355,0.00617911
1253.7,0.10552,0.00593663
1259.97,0.10948,0.00607258
1266.27,0.103522,0.00592065
1272.6,0.106074,0.00601846
1278.96,0.104864,0.0060166
1285.36,0.109672,0.00618246
1291.79,0.113384,0.00631323
1298.24,0.110199,0.00625548
1304.74,0.110455,0.0062746
1311.26,0.107732,0.0062193
1317.82,0.111384,0.00637006
1324.41,0.113414,0.00645176
1331.03,0.113579,0.00647801
1337.68,0.112375,0.0064707
1344.37,0.117801,0.00666595
1351.09,0.112343,0.00653658
1357.85,0.115249,0.00664181
1364.64,0.106458,0.00639831
1371.46,0.118641,0.00678356
1378.32,0.105849,0.00643066
1385.21,0.108206,0.00652748
1392.14,0.113114,0.00669465
1399.1,0.107427,0.00654336
1406.09,0.107224,0.00657551
1413.12,0.109093,0.0066623
1420.19,0.11679,0.00691448
1427.29,0.10944,0.00672611
1434.43,0.102971,0.0065428
1441.6,0.106906,0.00668911
1448.81,0.110421,0.0068233
1456.05,0.111571,0.00689234
1463.33,0.109462,0.00685651
1470.65,0.107744,0.00683266
1478,0.103634,0.00673306
1485.39,0.107117,0.00686101
1492.82,0.106967,0.00691356
1500.28,0.107607,0.0069785
1507.78,0.112269,0.00712926
1515.32,0.108935,0.00703227
1522.9,0.113845,0.00722189
1530.51,0.123251,0.0075794
1538.16,0.12262,0.00757612
1545.86,0.112868,0.00728789
1553.58,0.103326,0.00701195
1561.35,0.111598,0.00730202
1569.16,0.116113,0.00746393
1577,0.114175,0.00745171
1584.89,0.115683,0.00749699
1592.81,0.106764,0.00723657
1600.78,0.117495,0.00765111
1608.78,0.11652,0.00764004
1616.83,0.10666,0.00734114
1624.91,0.116724,0.00772792
1633.03,0.108283,0.00745176
1641.2,0.109607,0.00752258
1649.41,0.108232,0.00749254
1657.65,0.115957,0.00779467
1665.94,0.113043,0.00774935
1674.27,0.111226,0.00771317
1682.64,0.109536,0.00765895
1691.06,0.108872,0.00765766
1699.51,0.115939,0.00794597
1708.01,0.108427,0.00771668
1716.55,0.107576,0.00770701
1725.13,0.120725,0.00820434
1733.76,0.118097,0.00814406
1742.43,0.110423,0.00790441
1751.14,0.11723,0.00816674
1759.89,0.119607,0.00828743
1768.69,0.101333,0.00765583
1777.54,0.108312,0.00793164
1786.42,0.113063,0.00813727
1795.36,0.107375,0.00796228
1804.33,0.113159,0.0082104
1813.35,0.123231,0.00857414
1822.42,0.112624,0.00821258
1831.53,0.113491,0.00829903
1840.69,0.112137,0.00828823
1849.89,0.11422,0.0083933
1859.14,0.115995,0.00848182
1868.44,0.109199,0.00824026
1877.78,0.109365,0.00827761
1887.17,0.118913,0.00866596
1896.61,0.11328,0.00849122
1906.09,0.103851,0.00816712
1915.62,0.11213,0.00852502
1925.2,0.114166,0.00861552
1934.82,0.124004,0.00900102
1944.5,0.116154,0.00875558
1954.22,0.111218,0.00858568
1963.99,0.1164,0.00877898
1973.81,0.114771,0.00877532
1983.68,0.10645,0.00849925
1993.6,0.120693,0.00906358
2003.57,0.128043,0.00933313
2013.59,0.118824,0.00902547
2023.65,0.101142,0.00837602
2033.77,0.107457,0.00868868
2043.94,0.105989,0.00865037
2054.16,0.125266,0.00944706
2064.43,0.122764,0.00935671
2074.75,0.117534,0.00916785
2085.13,0.106914,0.00876095
2095.55,0.111222,0.00896511
2106.03,0.117377,0.00926201
2116.56,0.106775,0.00885646
2127.14,0.1,0.00861551
2137.78,0.117714,0.0093489
2148.47,0.103491,0.00880063
2159.21,0.104249,0.00885047
2170.01,0.100724,0.0087584
2180.86,0.10486,0.00893704
2191.76,0.113525,0.00935518
2202.72,0.117317,0.00952902
2213.73,0.109422,0.0092136
2224.8,0.113385,0.0094579
2235.93,0.119851,0.00975599
2247.11,0.114242,0.00955097
2258.34,0.123874,0.00997317
2269.63,0.123484,0.0099889
2280.98,0.111531,0.00951657
2292.39,0.124884,0.0101205
2303.85,0.125838,0.0101624
2315.37,0.123952,0.0101238
2326.94,0.109434,0.00950255
2338.58,0.101847,0.00919429
2350.27,0.114383,0.0097997
2362.02,0.120765,0.0100929
2373.83,0.119002,0.0100158
2385.7,0.111485,0.00974886
2397.63,0.113882,0.00986619
2409.62,0.111925,0.00981954
2421.67,0.11429,0.00996891
2433.77,0.124246,0.0104093
2445.94,0.130054,0.010677
2458.17,0.120061,0.0102958
2470.46,0.106591,0.00973058
2482.82,0.113014,0.0100062
2495.23,0.134005,0.0109326
2507.71,0.121769,0.0104661
2520.25,0.128208,0.0108228
2532.85,0.133138,0.0111241
2545.51,0.106184,0.00991082
2558.24,0.111782,0.0101844
2571.03,0.113923,0.0103225
2583.88,0.112753,0.0102898
2596.8,0.117171,0.0105163
2609.79,0.118305,0.0106109
2622.84,0.128384,0.011109
2635.95,0.123995,0.0109139
2649.13,0.110395,0.0103173
2662.38,0.116802,0.0106218
2675.69,0.109682,0.0103203
2689.07,0.108288,0.0102968
2702.51,0.105667,0.0102239
2716.02,0.116682,0.0107828
2729.61,0.117203,0.010821
2743.25,0.105747,0.0102618
2756.97,0.1028,0.0101399
2770.75,0.110385,0.0105699
2784.61,0.112377,0.010708
2798.53,0.111176,0.010681
2812.52,0.114778,0.0108653
2826.59,0.131707,0.0117015
2840.72,0.113701,0.0108875
2854.92,0.117427,0.0111413
2869.2,0.102535,0.0104108
2883.54,0.105988,0.0106198
2897.96,0.107894,0.0106966
2912.45,0.112226,0.0109508
2927.01,0.117219,0.0112265
2941.65,0.119746,0.0113477
2956.36,0.121951,0.0115543
2971.14,0.118635,0.0113951
2985.99,0.104685,0.0107432
3000.92,0.110174,0.0110479
3015.93,0.107387,0.0109541
3031.01,0.109274,0.0111019
3046.16,0.108312,0.0110716
3061.39,0.124436,0.0118574
3076.7,0.125494,0.0119334
3092.08,0.137679,0.0125458
3107.54,0.115517,0.0115533
3123.08,0.115711,0.0116118
3138.7,0.118424,0.0117255
3154.39,0.12829,0.0122423
3170.16,0.120226,0.0118965
3186.01,0.131281,0.0124822
3201.94,0.117693,0.0118646
3217.95,0.113259,0.011671
3234.04,0.124092,0.0122314
3250.21,0.110286,0.0115651
3266.47,0.118029,0.0120282
3282.8,0.124627,0.0123949
3299.21,0.123913,0.0124171
3315.71,0.120688,0.0123047
3332.29,0.109681,0.0117639
3348.95,0.115695,0.0121288
3365.69,0.111684,0.0119391
3382.52,0.120906,0.0124286
3399.43,0.139294,0.0133812
3416.43,0.132504,0.0130506
3433.51,0.125867,0.0127925
3450.68,0.131887,0.0131379
3467.93,0.113119,0.0121878
3485.27,0.115647,0.0123028
3502.7,0.122977,0.0127981
3520.21,0.1177,0.0125584
3537.81,0.118656,0.012637
3555.5,0.115881,0.0125103
3573.28,0.119852,0.012793
3591.15,0.107817,0.0121708
3609.1,0.11771,0.0127401
3627.15,0.12412,0.0131199
3645.28,0.132397,0.0136145
3663.51,0.128754,0.0134675
3681.83,0.133599,0.013719
3700.24,0.129337,0.0135668
3718.74,0.125848,0.0134956
3737.33,0.135566,0.0140543
3756.02,0.136727,0.0140825
3774.8,0.126504,0.0135808
3793.67,0.123843,0.013462
3812.64,0.127427,0.0136889
3831.7,0.130502,0.0138986
3850.86,0.125837,0.0136384
3870.12,0.132155,0.0140816
3889.47,0.121143,0.0134891
3908.92,0.130139,0.0140742
3928.46,0.147358,0.0150639
3948.1,0.130486,0.0142092
3967.84,0.124358,0.01388
3987.68,0.138403,0.0147107
4007.62,0.148273,0.0152974
4027.66,0.14251,0.0150036
4047.8,0.132928,0.0145224
4068.04,0.129586,0.0143369
4088.38,0.1275,0.0142506
4108.82,0.14163,0.0150716
4129.36,0.127418,0.0143516
4150.01,0.128764,0.014519
4170.76,0.131462,0.0147144
4191.61,0.123303,0.0143083
4212.57,0.142426,0.0154468
4233.63,0.122584,0.0143228
4254.8,0.133849,0.0149604
4276.08,0.136716,0.015147
4297.46,0.125045,0.0145274
4318.94,0.137129,0.0152936
4340.54,0.14187,0.0156671
4362.24,0.143073,0.0157359
4384.05,0.131999,0.0152401
4405.97,0.148361,0.0161578
4428,0.135686,0.0155012
4450.14,0.143786,0.0159866
4472.39,0.138645,0.0157296
4494.75,0.124297,0.0149362
4517.23,0.127172,0.0151621
4539.81,0.128797,0.0153173
4562.51,0.124897,0.0150657
4585.33,0.115716,0.0144937
4608.25,0.118409,0.01478
4631.29,0.122253,0.0150563
4654.45,0.118832,0.014829
4677.72,0.123993,0.0151896
4701.11,0.126703,0.0153991
4724.62,0.145827,0.0167149
4748.24,0.125292,0.0154848
4771.98,0.129844,0.0158223
4795.84,0.124469,0.0155163
4819.82,0.138207,0.0163635
4843.92,0.132545,0.0160676
4868.14,0.12198,0.0154671
4892.48,0.120652,0.0154181
4916.94,0.124379,0.0156446
4941.53,0.133001,0.0162245
4966.23,0.128871,0.015993
4991.07,0.136805,0.0164709
5016.02,0.145146,0.0169716
5041.1,0.122258,0.0156549
5066.31,0.128681,0.0161933
5091.64,0.142202,0.0171139
5117.1,0.158874,0.0180556
5142.68,0.158054,0.0180359
5168.4,0.144241,0.0173132
5194.24,0.142375,0.0172393
5220.21,0.158094,0.0182143
5246.31,0.14772,0.0175546
5272.54,0.140854,0.0172026
5298.9,0.139003,0.017165
5325.4,0.155542,0.018118
5352.03,0.150598,0.0178992
5378.79,0.137208,0.0172052
5405.68,0.149071,0.0180208
5432.71,0.164359,0.0189023
5459.87,0.161776,0.0187971
5487.17,0.143826,0.0177452
5514.61,0.142133,0.0177483
5542.18,0.138729,0.017629
5569.89,0.133582,0.0173337
5597.74,0.14262,0.0179057
5625.73,0.130721,0.0172026
5653.86,0.145276,0.0182067
5682.13,0.147112,0.0182867
5710.54,0.141742,0.0179648
5739.09,0.138217,0.0177621
5767.79,0.144403,0.0182063
5796.62,0.153042,0.0188012
5825.61,0.166813,0.0198209
5854.74,0.143393,0.0183603
5884.01,0.130165,0.0175446
5913.43,0.131856,0.0176789
5943,0.133422,0.0177812
5972.71,0.126236,0.0173455
6002.57,0.153921,0.0192624
6032.59,0.167503,0.0199938
6062.75,0.160782,0.019626
6093.06,0.153745,0.0193032
6123.53,0.154217,0.0195107
6154.15,0.128571,0.0178324
6184.92,0.1466,0.0190695
6215.84,0.139068,0.0185606
6246.92,0.134459,0.0182423
6278.16,0.128652,0.0179134
6309.55,0.125287,0.0177976
6341.09,0.132825,0.0182961
6372.8,0.137398,0.0186736
6404.66,0.150272,0.0195344
6436.69,0.15772,0.0200734
6468.87,0.178764,0.0215351
6501.22,0.159191,0.0202858
6533.72,0.1692,0.0209454
6566.39,0.175062,0.021365
6599.22,0.173619,0.0213613
6632.22,0.164192,0.020813
6665.38,0.154318,0.0202126
6698.71,0.156779,0.0204259
6732.2,0.170109,0.0212964
6765.86,0.193057,0.0227697
6799.69,0.17552,0.0217978
6833.69,0.154889,0.0204466
6867.86,0.157574,0.0206556
6902.2,0.174004,0.0217906
6936.71,0.172861,0.0216745
6971.39,0.170513,0.0216192
7006.25,0.167795,0.0214829
7041.28,0.166269,0.0213943
7076.49,0.187992,0.022813
7111.87,0.165492,0.0214281
7147.43,0.155911,0.0208118
7183.16,0.161946,0.021258
7219.08,0.19057,0.0232252
7255.18,0.205154,0.0242431
7291.45,0.199861,0.0239329
7327.91,0.191732,0.0234448
7364.55,0.185752,0.0231427
7401.37,0.168775,0.0220685
7438.38,0.167707,0.0220474
7475.57,0.173233,0.022481
7512.95,0.183545,0.0230979
7550.51,0.1648,0.0220733
7588.26,0.162335,0.0219165
7626.21,0.160072,0.0217532
7664.34,0.166321,0.0222048
7702.66,0.193296,0.0239825
7741.17,0.20158,0.0245546
7779.88,0.194216,0.0242036
7818.78,0.154563,0.0216749
7857.87,0.160021,0.0220489
7897.16,0.169637,0.0227414
7936.65,0.19312,0.0243527
7976.33,0.180605,0.023516
8016.21,0.171028,0.0229023
8050.87,0.162909,0.0262063
