X_cm-1,subtracted_Y,subtracted_E
-20.1034000000,0.000744590000000,0.00183126340877
-19.9824000000,0.000967942500000,0.00169833454883
-19.8614000000,-0.00111716400000,0.00150404873338
-19.7404000000,-0.000810436000000,0.00152348124532
-19.6194000000,0.00164962600000,0.00160738612302
-19.4985000000,-0.000494730000000,0.00147278266283
-19.3775000000,-0.000113720000000,0.00155721692741
-19.2565000000,0.00114385200000,0.00164597121072
-19.1355000000,0.0000920660000000,0.00165659784609
-19.0145000000,0.00124342800000,0.00179857976563
-18.8935000000,0.000697358000000,0.00180717322340
-18.7726000000,-0.00266952000000,0.00163622666571
-18.6516000000,-0.000699242000000,0.00183280752560
-18.5306000000,0.00154345800000,0.00193080581918
-18.4096000000,-0.00306771000000,0.00180265653752
-18.2886000000,-0.00270885600000,0.00177816088357
-18.1676000000,-0.00161633600000,0.00186667394072
-18.0467000000,0.00103654400000,0.00201655618945
-17.9257000000,-0.00191425600000,0.00184059131329
-17.8047000000,-0.000681276000000,0.00182049573457
-17.6837000000,0.000201590000000,0.00191459773564
-17.5627000000,0.00160313000000,0.00199868567156
-17.4417000000,0.00281317000000,0.00215133320951
-17.3208000000,0.00406240000000,0.00223733058203
-17.1998000000,0.00527102000000,0.00232059210317
-17.0788000000,0.00449714000000,0.00237504543856
-16.9578000000,0.00418272000000,0.00244180424589
-16.8368000000,0.00221916000000,0.00238923658497
-16.7158000000,0.00699158000000,0.00275476128407
-16.5949000000,-0.000329220000000,0.00256093175995
-16.4739000000,0.00551462000000,0.00282807874823
-16.3529000000,0.00896074000000,0.00295655470365
-16.2319000000,0.00227532000000,0.00268602555473
-16.1109000000,0.00322270000000,0.00270654580923
-15.9899000000,0.00988042000000,0.00298744884258
-15.8690000000,0.0204459600000,0.00348201845204
-15.7480000000,0.0209333800000,0.00359969254088
-15.6270000000,0.0265445000000,0.00386101947079
-15.5060000000,0.0302011400000,0.00405048647100
-15.3850000000,0.0201724000000,0.00386507466759
-15.2640000000,0.0233099800000,0.00404817311986
-15.1431000000,0.0207144200000,0.00408906373554
-15.0221000000,0.0352670200000,0.00455931546466
-14.9011000000,0.0252721200000,0.00439172254145
-14.7801000000,0.0290765000000,0.00458555080545
-14.6591000000,0.0218020800000,0.00453157126009
-14.5381000000,0.0315703200000,0.00499778063106
-14.4172000000,0.0255460800000,0.00508060049614
-14.2962000000,0.0268997400000,0.00529422486031
-14.1752000000,0.0307717600000,0.00556825747143
-14.0542000000,0.0286639800000,0.00572932464638
-13.9332000000,0.0212989000000,0.00576053915296
-13.8122000000,0.0354450000000,0.00620143525584
-13.6913000000,0.0356134000000,0.00646315740280
-13.5703000000,0.0319083400000,0.00652381738834
-13.4493000000,0.0330993600000,0.00669974870270
-13.3283000000,0.0562529800000,0.00710994943847
-13.2073000000,0.0469834800000,0.00703443419277
-13.0863000000,0.0632168800000,0.00732521457323
-12.9654000000,0.0559757400000,0.00731749525197
-12.8444000000,0.0658177400000,0.00752401420697
-12.7234000000,0.0614774000000,0.00758634308385
-12.6024000000,0.0714290000000,0.00780990258875
-12.4814000000,0.0872086000000,0.00809659833009
-12.3604000000,0.0686674000000,0.00787290712863
-12.2395000000,0.0748808000000,0.00804014621339
-12.1185000000,0.0851974000000,0.00821860260283
-11.9975000000,0.0779634000000,0.00818108588216
-11.8765000000,0.0967044000000,0.00857744888122
-11.7555000000,0.0997570000000,0.00873030715238
-11.6345000000,0.105792800000,0.00887176604253
-11.5136000000,0.117944000000,0.00905142036894
-11.3926000000,0.112352600000,0.00905512647609
-11.2716000000,0.118905800000,0.00916826057367
-11.1506000000,0.123224200000,0.00921381652518
-11.0296000000,0.128312800000,0.00936072554101
-10.9086000000,0.106139800000,0.00932188225878
-10.7877000000,0.124699200000,0.00966633591978
-10.6667000000,0.137189000000,0.00987283089491
-10.5457000000,0.130463600000,0.00995075409117
-10.4247000000,0.133498800000,0.0100870462410
-10.3037000000,0.138852400000,0.0100677862181
-10.1828000000,0.150825600000,0.0103045210984
-10.0618000000,0.131754400000,0.0101983954719
-9.94078000000,0.145278800000,0.0104016974466
-9.81980000000,0.171549200000,0.0107428739654
-9.69882000000,0.156191600000,0.0107272255185
-9.57783000000,0.159031600000,0.0107929551355
-9.45685000000,0.168750200000,0.0109493179557
-9.33587000000,0.161814400000,0.0108791843095
-9.21488000000,0.179407800000,0.0111696913397
-9.09390000000,0.166634600000,0.0111137814966
-8.97292000000,0.192202000000,0.0114091605540
-8.85194000000,0.179460200000,0.0113250096455
-8.73095000000,0.167756000000,0.0111686650339
-8.60997000000,0.184391000000,0.0112834684789
-8.48899000000,0.163686800000,0.0109699709747
-8.36800000000,0.180841400000,0.0110840640466
-8.24702000000,0.190606400000,0.0110027783700
-8.12604000000,0.210573600000,0.0112444483128
-8.00505000000,0.194968000000,0.0110259413836
-7.88407000000,0.170457800000,0.0107674054776
-7.76309000000,0.198724800000,0.0111138474901
-7.64210000000,0.186842200000,0.0110954425710
-7.52112000000,0.199855000000,0.0112397635144
-7.40014000000,0.203839200000,0.0113052298226
-7.27915000000,0.209504000000,0.0113607204113
-7.15817000000,0.228443000000,0.0115387220444
-7.03719000000,0.225013000000,0.0115502260622
-6.91620000000,0.232750400000,0.0116081810871
-6.79522000000,0.252329000000,0.0118854777962
-6.67424000000,0.242033400000,0.0118866651396
-6.55326000000,0.239532800000,0.0120004825735
-6.43227000000,0.250269000000,0.0121628435312
-6.31129000000,0.242769400000,0.0122185314059
-6.19031000000,0.286098200000,0.0127205649470
-6.06932000000,0.278179400000,0.0126790638504
-5.94834000000,0.291768000000,0.0128968538648
-5.82736000000,0.283718600000,0.0129653888377
-5.70637000000,0.314359600000,0.0132818796185
-5.58539000000,0.294672600000,0.0132639168427
-5.46441000000,0.315803800000,0.0136379257861
-5.34342000000,0.336839800000,0.0139536874759
-5.22244000000,0.356744600000,0.0142279714829
-5.10146000000,0.406110000000,0.0148614465745
-4.98047000000,0.365790400000,0.0147269005603
-4.85949000000,0.410130000000,0.0152578389304
-4.73851000000,0.437013400000,0.0157301359994
-4.61752000000,0.447247600000,0.0161846000360
-4.49654000000,0.447947200000,0.0166583519643
-4.37556000000,0.513654400000,0.0176497062588
-4.25457000000,0.548424000000,0.0185983106555
-4.13359000000,0.589849400000,0.0198428652666
-4.01261000000,0.675048600000,0.0214005209992
-3.89163000000,0.803464400000,0.0233396940886
-3.77064000000,0.935111000000,0.0254799349428
-3.64966000000,1.14212200000,0.0280866776432
-3.52868000000,1.29783600000,0.0305720327920
-3.40769000000,1.56387400000,0.0336788811530
-3.28671000000,1.81071400000,0.0369007843712
-3.16573000000,2.21872600000,0.0405227629986
-3.04474000000,2.58729200000,0.0441656118510
-2.92376000000,3.20912600000,0.0483484619139
-2.80278000000,3.90747000000,0.0526138080284
-2.68179000000,4.79358600000,0.0571872107092
-2.56081000000,5.94721200000,0.0622348593587
-2.43983000000,7.58394000000,0.0680344948801
-2.31884000000,9.51088200000,0.0742472980132
-2.19786000000,11.8349700000,0.0809817306336
-2.07688000000,14.3142980000,0.0879594181160
-1.95589000000,16.8387000000,0.0951809196245
-1.83491000000,19.7839600000,0.103015801281
-1.71393000000,22.8328200000,0.110987528297
-1.59295000000,26.1629400000,0.119043482926
-1.47196000000,30.1887000000,0.127466426407
-1.35098000000,34.8628000000,0.135612197921
-1.23000000000,40.4928200000,0.143671294997
-1.10901000000,46.7854800000,0.151196650090
-0.988029000000,53.1794000000,0.157834751173
-0.867046000000,59.0333200000,0.163138761872
-0.746063000000,63.5407400000,0.166785636042
-0.625080000000,66.8381200000,0.168967807650
-0.504097000000,68.8170000000,0.169765037026
-0.383113000000,68.3332800000,0.168391051113
-0.262130000000,66.8280200000,0.165903492524
-0.141147000000,64.4770200000,0.162683962452
-0.0201639000000,60.5297200000,0.158234977396
0.100819000000,56.5412400000,0.153610332761
0.221802000000,51.7684600000,0.148318606716
0.342786000000,46.3048800000,0.142208183402
0.463769000000,40.1196400000,0.135068571747
0.584752000000,33.9765400000,0.127353487128
0.705735000000,28.1274800000,0.119385026052
0.826718000000,22.2823400000,0.110626505877
0.947701000000,17.3710200000,0.102395578410
1.06868000000,12.8685200000,0.0939286190796
1.18967000000,9.26104000000,0.0859545792147
1.31065000000,6.42686800000,0.0785629182549
1.43163000000,4.43558600000,0.0721954099382
1.55262000000,3.02956400000,0.0664323144897
1.67360000000,2.12071600000,0.0616036790348
1.79458000000,1.70242200000,0.0578405092676
1.91557000000,1.45145200000,0.0547547824687
2.03655000000,1.27253800000,0.0522731179344
2.15753000000,1.38006400000,0.0508620005105
2.27852000000,1.28464400000,0.0492646239653
2.39950000000,1.35971200000,0.0483311284952
2.52048000000,1.36829000000,0.0474510172175
2.64147000000,1.23560600000,0.0460924317179
2.76245000000,1.19015200000,0.0449678420588
2.88343000000,1.01184800000,0.0435553964886
3.00442000000,0.899698000000,0.0424303866772
3.12540000000,0.802204000000,0.0413434852241
3.24638000000,0.727684000000,0.0405411426074
3.36736000000,0.783828000000,0.0403632038547
3.48835000000,0.827254000000,0.0400827753071
3.60933000000,0.718232000000,0.0394436276654
3.73031000000,0.670490000000,0.0389506866720
3.85130000000,0.652696000000,0.0385464448041
3.97228000000,0.611120000000,0.0380054343173
4.09326000000,0.607370000000,0.0376201818231
4.21425000000,0.504724000000,0.0366551924996
4.33523000000,0.447690000000,0.0358239354822
4.45621000000,0.512028000000,0.0352711304754
4.57720000000,0.485560000000,0.0343604836000
4.69818000000,0.417328000000,0.0332943067096
4.81916000000,0.378266000000,0.0324081094702
4.94015000000,0.330056000000,0.0315086644455
5.06113000000,0.357964000000,0.0309888363107
5.18211000000,0.269566000000,0.0299181492038
5.30310000000,0.315898000000,0.0292936676315
5.42408000000,0.305452000000,0.0286192364220
5.54506000000,0.254108000000,0.0278292437138
5.66605000000,0.236670000000,0.0272499800404
5.78703000000,0.214846000000,0.0267131290018
5.90801000000,0.167368000000,0.0262484432263
6.02899000000,0.126782000000,0.0258104539745
6.14998000000,0.123812000000,0.0255233978414
6.27096000000,0.150626000000,0.0253459268557
6.39194000000,0.153418000000,0.0251942756267
6.51293000000,0.143838000000,0.0249421587304
6.63391000000,0.127398000000,0.0245678359131
6.75489000000,0.135188000000,0.0244590539153
6.87588000000,0.0740280000000,0.0241824583906
6.99686000000,0.132926000000,0.0244554949116
7.11784000000,0.117056000000,0.0244310896098
7.23883000000,0.144842000000,0.0247156408824
7.35981000000,0.0886920000000,0.0244616466394
7.48079000000,0.123868000000,0.0245247216931
7.60178000000,0.103938000000,0.0244086121256
7.72276000000,0.106650000000,0.0243407892095
7.84374000000,0.156880000000,0.0245473734012
7.96473000000,0.154494000000,0.0245078867080
8.08571000000,0.132904000000,0.0243328942875
8.20669000000,0.168488000000,0.0242045793085
8.32767000000,0.154338000000,0.0236669245916
8.44866000000,0.168916000000,0.0230793235836
8.56964000000,0.176812000000,0.0223679553046
8.69062000000,0.145814200000,0.0214165367259
8.81161000000,0.138056000000,0.0207603575611
8.93259000000,0.109146200000,0.0200654106578
9.05357000000,0.104749200000,0.0197330440976
9.17456000000,0.116024400000,0.0195443498998
9.29554000000,0.0653718000000,0.0190192559974
9.41652000000,0.0661766000000,0.0186778227440
9.53751000000,0.0317698000000,0.0179769690195
9.65849000000,0.0325876000000,0.0174503063372
9.77947000000,0.0535138000000,0.0170788206401
9.90046000000,0.0824864000000,0.0164851086360
10.0214000000,0.0598292000000,0.0158062524461
10.1424000000,0.0391188000000,0.0152121007950
10.2634000000,0.0447320000000,0.0147533656426
10.3844000000,0.0741188000000,0.0144820809264
10.5054000000,0.0832426000000,0.0143843984776
10.6264000000,0.0763736000000,0.0139599791628
10.7473000000,0.0824144000000,0.0138057032070
10.8683000000,0.0942620000000,0.0138121911113
10.9893000000,0.0586276000000,0.0134234094340
11.1103000000,0.0784024000000,0.0133840215443
11.2313000000,0.0817986000000,0.0132290366999
11.3523000000,0.0758542000000,0.0129195402466
11.4732000000,0.0936266000000,0.0130236560088
11.5942000000,0.0900526000000,0.0128061074015
11.7152000000,0.0738860000000,0.0125532651272
11.8362000000,0.0842778000000,0.0125334895219
11.9572000000,0.0805088000000,0.0123984209360
12.0782000000,0.0857076000000,0.0122878425986
12.1991000000,0.0884564000000,0.0123902931933
12.3201000000,0.0745756000000,0.0122160292455
12.4411000000,0.0625452000000,0.0121306595901
12.5621000000,0.0750028000000,0.0122632435405
12.6831000000,0.0457634000000,0.0119711563087
12.8041000000,0.0710470000000,0.0122270791485
12.9250000000,0.0763536000000,0.0123157803416
13.0460000000,0.0703484000000,0.0122429095640
13.1670000000,0.0657266000000,0.0122104441558
13.2880000000,0.0621382000000,0.0120771107440
13.4090000000,0.0811164000000,0.0122191806052
13.5300000000,0.0550212000000,0.0117876634118
13.6509000000,0.0708144000000,0.0118659693155
13.7719000000,0.0879260000000,0.0118861072662
13.8929000000,0.0887064000000,0.0116458068449
14.0139000000,0.0919652000000,0.0114888267285
14.1349000000,0.0991534000000,0.0114784031598
14.2559000000,0.0777278000000,0.0111744783844
14.3768000000,0.100767800000,0.0113108289757
14.4978000000,0.0942508000000,0.0111760597890
14.6188000000,0.0831310000000,0.0108610709463
14.7398000000,0.101812800000,0.0110479265209
14.8608000000,0.120273600000,0.0110014307290
14.9817000000,0.112799000000,0.0108303341125
15.1027000000,0.104966000000,0.0105948861800
15.2237000000,0.0909170000000,0.0103394784513
15.3447000000,0.115259800000,0.0105870584397
15.4657000000,0.109880200000,0.0105278659858
15.5867000000,0.123459000000,0.0106400044624
15.7076000000,0.0949092000000,0.0103117126304
15.8286000000,0.102871400000,0.0103385446965
15.9496000000,0.111745800000,0.0102794249523
16.0706000000,0.131291600000,0.0104594942693
16.1916000000,0.103842800000,0.0100574203461
16.3126000000,0.102189800000,0.00991384976861
16.4335000000,0.111448600000,0.0100752777528
16.5545000000,0.108871000000,0.0101152859789
16.6755000000,0.111156600000,0.0101406030707
16.7965000000,0.124022600000,0.0102685943001
16.9175000000,0.117523600000,0.0101696658076
17.0385000000,0.107014600000,0.00995442807066
17.1594000000,0.104621600000,0.00979058471673
17.2804000000,0.124325400000,0.00997795728091
17.4014000000,0.130306000000,0.00998930988202
17.5224000000,0.135260200000,0.00986604269545
17.6434000000,0.128624000000,0.00973360594053
17.7644000000,0.144852400000,0.00982983793573
17.8853000000,0.144388000000,0.00975887410032
18.0063000000,0.155680200000,0.00985142734427
18.1273000000,0.159445000000,0.00993206219567
18.2483000000,0.166487800000,0.00994694261127
18.3693000000,0.158189860000,0.00979354675982
18.4903000000,0.160126320000,0.00977061371965
18.6112000000,0.155229720000,0.00967418578496
18.7322000000,0.150683320000,0.00953993473796
18.8532000000,0.175242000000,0.00986564213124
18.9742000000,0.152932540000,0.00957183456214
19.0952000000,0.161835140000,0.00965913632323
19.2162000000,0.166990560000,0.00968976895843
19.3371000000,0.182088860000,0.00986074104341
19.4581000000,0.167235720000,0.00963345510327
19.5791000000,0.158428320000,0.00952849519081
19.7001000000,0.175892220000,0.00980544485486
19.8211000000,0.166885420000,0.00970635680254
19.9421000000,0.176144120000,0.00991071382686
20.0630000000,0.187277120000,0.0100165122515
20.1840000000,0.200173560000,0.0100805562900
20.3050000000,0.186166300000,0.00988988684019
20.4260000000,0.198049800000,0.0100467856712
20.5470000000,0.199550040000,0.0100422190202
20.6680000000,0.187509700000,0.00996457372697
20.7889000000,0.190927600000,0.0100452518179
20.9099000000,0.188764400000,0.0100251321977
21.0309000000,0.192059860000,0.0100704842809
21.1519000000,0.186571080000,0.00998582307465
21.2729000000,0.197908220000,0.0101557023884
21.3939000000,0.200480480000,0.0101228971742
21.5148000000,0.199870280000,0.0101205965095
21.6358000000,0.212665640000,0.0102656836306
21.7568000000,0.194051520000,0.00991286487707
21.8778000000,0.216408680000,0.0102278428827
21.9988000000,0.208443840000,0.0101259271063
22.1198000000,0.215395760000,0.0102088862616
22.2407000000,0.202951760000,0.0100440400391
22.3617000000,0.219638500000,0.0103069661592
22.4827000000,0.201927200000,0.0100533007796
22.6037000000,0.205175200000,0.0101099163950
22.7247000000,0.211247400000,0.0101944377352
22.8457000000,0.203729500000,0.0101628763683
22.9666000000,0.217752000000,0.0104225788243
23.0876000000,0.222151960000,0.0103929240044
23.2086000000,0.219629480000,0.0103613414055
23.3296000000,0.197625560000,0.0100648307573
23.4506000000,0.223035860000,0.0104330380807
23.5716000000,0.230962340000,0.0105744393194
23.6925000000,0.225159020000,0.0105343841842
23.8135000000,0.226873280000,0.0105783398251
23.9345000000,0.224854680000,0.0106093370915
24.0555000000,0.199817560000,0.0101298245000
24.1563000000,0.234366420000,0.0127158475451
24.2571000000,0.226037560000,0.00591440686148
24.3784000000,0.222001520000,0.00569734336811
24.5003000000,0.226460240000,0.00542726913125
24.6228000000,0.221511580000,0.00536184906020
24.7459000000,0.221004460000,0.00533344820644
24.8696000000,0.229330260000,0.00538717442421
24.9940000000,0.234372420000,0.00542169684665
25.1190000000,0.237719740000,0.00541440215196
25.2446000000,0.232871840000,0.00535797392871
25.3708000000,0.236172720000,0.00536481973352
25.4976000000,0.234699200000,0.00533573148916
25.6251000000,0.234016340000,0.00531872866992
25.7533000000,0.229287680000,0.00529872510622
25.8820000000,0.229576720000,0.00527740204584
26.0114000000,0.229119140000,0.00526861597442
26.1415000000,0.230047520000,0.00527633727802
26.2722000000,0.230470820000,0.00527281912382
26.4036000000,0.227798660000,0.00523809418085
26.5356000000,0.240132660000,0.00531636097962
26.6682000000,0.246381040000,0.00534162006194
26.8016000000,0.244419620000,0.00529425060710
26.9356000000,0.238061040000,0.00522705055467
27.0703000000,0.232739560000,0.00516344110616
27.2056000000,0.246806320000,0.00526214152642
27.3417000000,0.242439840000,0.00521343817867
27.4784000000,0.236880900000,0.00517159811104
27.6158000000,0.242566360000,0.00519316463337
27.7538000000,0.240317400000,0.00517590395918
27.8926000000,0.249966120000,0.00523410965874
28.0321000000,0.247040800000,0.00520883239424
28.1722000000,0.234847360000,0.00510262005550
28.3131000000,0.243560980000,0.00515900158576
28.4547000000,0.250457260000,0.00518607772590
28.5969000000,0.246356900000,0.00515936650137
28.7399000000,0.242423040000,0.00512056086187
28.8836000000,0.243282460000,0.00510849686568
29.0280000000,0.247840420000,0.00511577674808
29.1732000000,0.248838680000,0.00510547943747
29.3190000000,0.250981940000,0.00508470495828
29.4656000000,0.257258740000,0.00507969247443
29.6130000000,0.258298900000,0.00506977890288
29.7610000000,0.270537920000,0.00512991460208
29.9098000000,0.262723800000,0.00505963843783
30.0594000000,0.261198960000,0.00503613795394
30.2097000000,0.264358640000,0.00506599647017
30.3607000000,0.265138960000,0.00504628588019
30.5125000000,0.265862740000,0.00504825018379
30.6651000000,0.269302200000,0.00504605802447
30.8184000000,0.269893280000,0.00503552729762
30.9725000000,0.268642380000,0.00501373584041
31.1274000000,0.264011040000,0.00497719219550
31.2830000000,0.275383260000,0.00502714083617
31.4394000000,0.268371760000,0.00498293865074
31.5966000000,0.280083600000,0.00504427283415
31.7546000000,0.277904420000,0.00500899264679
31.9134000000,0.275562560000,0.00498695705777
32.0729000000,0.268088740000,0.00493942102323
32.2333000000,0.273127480000,0.00496537236439
32.3945000000,0.267304400000,0.00493127157629
32.5564000000,0.271262520000,0.00495268379881
32.7192000000,0.274660940000,0.00495139160484
32.8828000000,0.270454440000,0.00490960400641
33.0472000000,0.278716680000,0.00494411438688
33.2125000000,0.278829560000,0.00494005005935
33.3785000000,0.277439820000,0.00492481611183
33.5454000000,0.277416720000,0.00492502465131
33.7132000000,0.283759800000,0.00494542977228
33.8817000000,0.279764080000,0.00490169493828
34.0511000000,0.279943820000,0.00489667177693
34.2214000000,0.287535780000,0.00493132288162
34.3925000000,0.287552200000,0.00492323356596
34.5645000000,0.286738260000,0.00491112300459
34.7373000000,0.273995640000,0.00482777661472
34.9110000000,0.282679280000,0.00486889150328
35.0855000000,0.288345180000,0.00489344605996
35.2609000000,0.292990760000,0.00491357240046
35.4373000000,0.278704560000,0.00483308352619
35.6144000000,0.290424260000,0.00491353589062
35.7925000000,0.291287860000,0.00491089647808
35.9715000000,0.287137140000,0.00487573630818
36.1513000000,0.287600300000,0.00487356827445
36.3321000000,0.297715520000,0.00491432531793
36.5137000000,0.294744800000,0.00488002793011
36.6963000000,0.298581640000,0.00489150919360
36.8798000000,0.297982540000,0.00487963777442
37.0642000000,0.297256320000,0.00485295950871
37.2495000000,0.301991580000,0.00488181560738
37.4358000000,0.299962160000,0.00485960154104
37.6229000000,0.303070000000,0.00487012151992
37.8111000000,0.292947880000,0.00479542935377
38.0001000000,0.305432080000,0.00486198896133
38.1901000000,0.308129860000,0.00485445041867
38.3811000000,0.309077340000,0.00484697531160
38.5730000000,0.303832340000,0.00479801973296
38.7658000000,0.308860400000,0.00481081426808
38.9597000000,0.309478220000,0.00481151845596
39.1545000000,0.309061200000,0.00480246989387
39.3502000000,0.309507040000,0.00478880510752
39.5470000000,0.308760100000,0.00477885942356
39.7447000000,0.311242540000,0.00479075068797
39.9434000000,0.313288420000,0.00478174167988
40.1432000000,0.314277920000,0.00478826053275
40.3439000000,0.319253120000,0.00480437535719
40.5456000000,0.319822440000,0.00479737781657
40.7483000000,0.313555760000,0.00475503808957
40.9521000000,0.312626780000,0.00473540218415
41.1568000000,0.318200020000,0.00475771296998
41.3626000000,0.326886540000,0.00479525113894
41.5694000000,0.322912840000,0.00476649664649
41.7773000000,0.320243300000,0.00474688032619
41.9862000000,0.315357820000,0.00471404434652
42.1961000000,0.320158960000,0.00471693392463
42.4071000000,0.328540780000,0.00474461287638
42.6191000000,0.331005080000,0.00474324420103
42.8322000000,0.335693100000,0.00475239115622
43.0464000000,0.334691920000,0.00473564768694
43.2616000000,0.324884220000,0.00468430149458
43.4779000000,0.328785760000,0.00469387414527
43.6953000000,0.330769920000,0.00468976859432
43.9138000000,0.322981900000,0.00463852429724
44.1333000000,0.328332360000,0.00465772324889
44.3540000000,0.338982680000,0.00469174421874
44.5758000000,0.340628160000,0.00469295254604
44.7987000000,0.322934400000,0.00459101228043
45.0226000000,0.349885080000,0.00471541907990
45.2478000000,0.345083060000,0.00468330872127
45.4740000000,0.334182800000,0.00461869722587
45.7014000000,0.341870980000,0.00464878395580
45.9299000000,0.344872220000,0.00465801162151
46.1595000000,0.346018320000,0.00465622743873
46.3903000000,0.335905980000,0.00458960539888
46.6223000000,0.342940260000,0.00462574222384
46.8554000000,0.337847040000,0.00458501847487
47.0897000000,0.342777940000,0.00460206912869
47.3251000000,0.351901760000,0.00464299514406
47.5617000000,0.352026020000,0.00463567225952
47.7995000000,0.348607240000,0.00460557030383
48.0385000000,0.346333360000,0.00458811064461
48.2787000000,0.337150400000,0.00453354856621
48.5201000000,0.346537900000,0.00456698116300
48.7627000000,0.348219020000,0.00456500812105
49.0065000000,0.346944420000,0.00455124383349
49.2516000000,0.345267520000,0.00453244922315
49.4978000000,0.343147240000,0.00451374744251
49.7453000000,0.350462580000,0.00454160645356
49.9940000000,0.349377560000,0.00453187557373
50.2440000000,0.350261800000,0.00452992201690
50.4952000000,0.350802980000,0.00452519687958
50.7477000000,0.351618740000,0.00451427288135
51.0015000000,0.351820380000,0.00450474698113
51.2565000000,0.349494980000,0.00447833731032
51.5127000000,0.358834000000,0.00452343801724
51.7703000000,0.362087640000,0.00452437257187
52.0292000000,0.358697100000,0.00450922601938
52.2893000000,0.366786280000,0.00454304969420
52.5507000000,0.359114180000,0.00449913177787
52.8135000000,0.368071580000,0.00452487610092
53.0776000000,0.361802960000,0.00449140048323
53.3430000000,0.366680240000,0.00450158429001
53.6097000000,0.375917140000,0.00454273261622
53.8777000000,0.372333960000,0.00452004357129
54.1471000000,0.370505840000,0.00450180144776
54.4178000000,0.387727080000,0.00456909344192
54.6899000000,0.377642220000,0.00452103370901
54.9634000000,0.383180060000,0.00453519030080
55.2382000000,0.389789720000,0.00456618536619
55.5144000000,0.380337520000,0.00452053616795
55.7920000000,0.382235340000,0.00452821147793
56.0709000000,0.384128780000,0.00452202382969
56.3513000000,0.382458480000,0.00450531573321
56.6330000000,0.389106320000,0.00452665972770
56.9162000000,0.388148580000,0.00451488360871
57.2008000000,0.389706260000,0.00451953418950
57.4868000000,0.392895100000,0.00452599843117
57.7742000000,0.388862320000,0.00450611240706
58.0631000000,0.394050080000,0.00451391440504
58.3534000000,0.389897620000,0.00449383779810
58.6452000000,0.395290900000,0.00450613110026
58.9384000000,0.398541320000,0.00452012412952
59.2331000000,0.397304680000,0.00450365240997
59.5293000000,0.395545400000,0.00449826139002
59.8269000000,0.406196980000,0.00452764856762
60.1260000000,0.394655640000,0.00446596238916
60.4267000000,0.400496940000,0.00448330623950
60.7288000000,0.402909140000,0.00448752170251
61.0324000000,0.408377880000,0.00449997320766
61.3376000000,0.419013120000,0.00454850285699
61.6443000000,0.408223000000,0.00450210576730
61.9525000000,0.412540460000,0.00451706716104
62.2623000000,0.411163460000,0.00450566769880
62.5736000000,0.419965480000,0.00454000561252
62.8865000000,0.424210060000,0.00454853252841
63.2009000000,0.421366340000,0.00453043235357
63.5169000000,0.425539580000,0.00454049191831
63.8345000000,0.430644420000,0.00455994335298
64.1537000000,0.426045960000,0.00453780543171
64.4744000000,0.433277920000,0.00456952671429
64.7968000000,0.434195400000,0.00457271408864
65.1208000000,0.427099900000,0.00454459760789
65.4464000000,0.434891320000,0.00457612643800
65.7736000000,0.439016040000,0.00460117935255
66.1025000000,0.441623520000,0.00461158654142
66.4330000000,0.442533160000,0.00461321033241
66.7652000000,0.451544100000,0.00465559936891
67.0990000000,0.449268400000,0.00465461025247
67.4345000000,0.454561580000,0.00467864423287
67.7716000000,0.459141920000,0.00470604417817
68.1105000000,0.467421280000,0.00474480203481
68.4511000000,0.470872800000,0.00476479261532
68.7933000000,0.470097560000,0.00476552533065
69.1373000000,0.475499540000,0.00478687605254
69.4830000000,0.477035040000,0.00479887780480
69.8304000000,0.480522000000,0.00481979167972
70.1795000000,0.478857400000,0.00483032779148
70.5304000000,0.484570400000,0.00486181116676
70.8831000000,0.481063000000,0.00487536933064
71.2375000000,0.489647800000,0.00493538724664
71.5937000000,0.481092200000,0.00494780102190
71.9517000000,0.486948800000,0.00500230571693
72.3114000000,0.484714800000,0.00503719830458
72.6730000000,0.491375000000,0.00510219510662
73.0363000000,0.502039200000,0.00517454797676
73.4015000000,0.507320400000,0.00520791604299
73.7685000000,0.505728000000,0.00519898326212
74.1374000000,0.514140000000,0.00519976096529
74.5081000000,0.511558600000,0.00512992514450
74.8806000000,0.517977800000,0.00507097354958
75.2550000000,0.527389600000,0.00502664345498
75.6313000000,0.531315200000,0.00497520015918
76.0094000000,0.521544060000,0.00488801139069
76.3895000000,0.521130060000,0.00485760938155
76.7714000000,0.529628380000,0.00486928511413
77.1553000000,0.542324460000,0.00489456738115
77.5411000000,0.540068480000,0.00487447416283
77.9288000000,0.537994860000,0.00485320693160
78.3184000000,0.543246660000,0.00486416287257
78.7100000000,0.539564260000,0.00484094997414
79.1035000000,0.544001660000,0.00485083053079
79.4991000000,0.539585680000,0.00482798446508
79.8966000000,0.545669880000,0.00484686495012
80.2960000000,0.541978480000,0.00482684243415
80.6975000000,0.554785500000,0.00486972480686
81.1010000000,0.551810660000,0.00484878117931
81.5065000000,0.549142840000,0.00482863719297
81.9141000000,0.553703580000,0.00482958126529
82.3236000000,0.542609160000,0.00477747830796
82.7352000000,0.559116780000,0.00481457744563
83.1489000000,0.546870540000,0.00476148846249
83.5647000000,0.545332760000,0.00474062823978
83.9825000000,0.558694800000,0.00477812898185
84.4024000000,0.558407980000,0.00476301730905
84.8244000000,0.559827060000,0.00476189792176
85.2485000000,0.560234620000,0.00475529064800
85.6748000000,0.571960420000,0.00479084579383
86.1031000000,0.570777680000,0.00477651755844
86.5337000000,0.577117680000,0.00479119440664
86.9663000000,0.569474860000,0.00476111821560
87.4012000000,0.576135080000,0.00478023727523
87.8382000000,0.576200280000,0.00477433273928
88.2774000000,0.588070840000,0.00480791583150
88.7187000000,0.580495420000,0.00477561907716
89.1623000000,0.575441220000,0.00475216001912
89.6082000000,0.573131100000,0.00473794357304
90.0562000000,0.574607280000,0.00473525957312
90.5065000000,0.570639820000,0.00471566530283
90.9590000000,0.572649300000,0.00471899279901
91.4138000000,0.567401060000,0.00469239951149
91.8709000000,0.564986060000,0.00467163019611
92.3302000000,0.553605760000,0.00462959516915
92.7919000000,0.554509060000,0.00462949305260
93.2558000000,0.550373600000,0.00460782269939
93.7221000000,0.549162720000,0.00460153548883
94.1907000000,0.541100760000,0.00457452062137
94.6617000000,0.539434860000,0.00455887057052
95.1350000000,0.543545880000,0.00457251624773
95.6107000000,0.540945900000,0.00456236682567
96.0887000000,0.530802000000,0.00452043748107
96.5692000000,0.531737500000,0.00452302587719
97.0520000000,0.530547760000,0.00451861534309
97.5373000000,0.524514740000,0.00449543621623
98.0249000000,0.523949660000,0.00449326050245
98.5151000000,0.516193320000,0.00447197729342
99.0076000000,0.517921920000,0.00448023781451
99.5027000000,0.505689140000,0.00443197299930
100.000000000,0.500879460000,0.00441857029281
100.500000000,0.505815160000,0.00443476765313
101.003000000,0.497061100000,0.00440655526978
101.508000000,0.490597500000,0.00438399925215
102.015000000,0.485335000000,0.00436997031579
102.525000000,0.476433400000,0.00433442040863
103.038000000,0.475604400000,0.00432547903885
103.553000000,0.471646400000,0.00430463128964
104.071000000,0.470397200000,0.00430084443776
104.591000000,0.457349800000,0.00425599167341
105.114000000,0.455575600000,0.00424833814896
105.640000000,0.451138800000,0.00423113657249
106.168000000,0.440194800000,0.00420197725548
106.699000000,0.444544000000,0.00421362181515
107.232000000,0.431746400000,0.00416576414708
107.768000000,0.431265200000,0.00416278031917
108.307000000,0.420612200000,0.00412811842010
108.849000000,0.413523200000,0.00410235995035
109.393000000,0.408056800000,0.00408405831832
109.940000000,0.406975600000,0.00408604514156
110.490000000,0.399805600000,0.00407032386451
111.042000000,0.394441000000,0.00405923756037
111.597000000,0.390861200000,0.00404447181498
112.155000000,0.386813600000,0.00403037955397
112.716000000,0.382413600000,0.00401289045284
113.280000000,0.378531200000,0.00399690280254
113.846000000,0.380219600000,0.00399591520249
114.415000000,0.367131800000,0.00395063110055
114.987000000,0.363033400000,0.00393873542533
115.562000000,0.366013800000,0.00395046081413
116.140000000,0.359016800000,0.00392937397384
116.721000000,0.359584200000,0.00394197394071
117.305000000,0.351729200000,0.00392298982307
117.891000000,0.350834600000,0.00392416036359
118.481000000,0.349349000000,0.00392502830212
119.073000000,0.349197800000,0.00393314486760
119.668000000,0.339463800000,0.00389450573646
120.267000000,0.339210000000,0.00389636056577
120.868000000,0.331782600000,0.00387695623915
121.472000000,0.327797000000,0.00386194004137
122.080000000,0.323050400000,0.00384078749859
122.690000000,0.324690600000,0.00384717521805
123.304000000,0.318342400000,0.00381899957915
123.920000000,0.318045000000,0.00381057890444
124.540000000,0.311142400000,0.00378729955890
125.162000000,0.317780000000,0.00380978680808
125.788000000,0.305925200000,0.00376673294357
126.417000000,0.306953400000,0.00377690452100
127.049000000,0.292271400000,0.00372997843514
127.684000000,0.294733200000,0.00374619387295
128.323000000,0.284621600000,0.00372234573830
128.964000000,0.282880400000,0.00372865857092
129.609000000,0.282127200000,0.00373180493215
130.257000000,0.277658800000,0.00372140158160
130.909000000,0.281972200000,0.00375081998334
131.563000000,0.272033200000,0.00372105499383
132.221000000,0.271548000000,0.00373548186829
132.882000000,0.265032400000,0.00373306923407
133.546000000,0.264932400000,0.00375343678683
134.214000000,0.262454000000,0.00376169757862
134.885000000,0.262687200000,0.00379296029653
135.560000000,0.252173200000,0.00378257028589
136.238000000,0.248825200000,0.00379678612533
136.919000000,0.245726000000,0.00382807430008
137.603000000,0.237142000000,0.00383329746516
138.291000000,0.232984800000,0.00384636284896
138.983000000,0.224140600000,0.00384633684398
139.678000000,0.223944200000,0.00388304540220
140.376000000,0.212296200000,0.00386282884887
141.078000000,0.211897400000,0.00388762258617
141.783000000,0.210249600000,0.00392044192149
142.492000000,0.204191800000,0.00392723616225
143.205000000,0.192189800000,0.00391060489475
143.921000000,0.190279200000,0.00393681858840
144.640000000,0.186770200000,0.00395228849705
145.364000000,0.179252200000,0.00394627404120
146.090000000,0.171274600000,0.00394647739704
146.821000000,0.167922600000,0.00395880928327
147.555000000,0.164811800000,0.00396296053039
148.293000000,0.156684200000,0.00394124192614
149.034000000,0.154497800000,0.00393855816148
149.779000000,0.155401200000,0.00394423843585
150.528000000,0.153793600000,0.00393822613630
151.281000000,0.153242600000,0.00393842849996
152.037000000,0.148019200000,0.00392527683140
152.797000000,0.148322200000,0.00393828457707
153.561000000,0.142069000000,0.00392192689641
154.329000000,0.142364400000,0.00392249295283
155.101000000,0.140275600000,0.00392298761689
155.876000000,0.136912600000,0.00390862991943
156.656000000,0.139881000000,0.00390960447339
157.439000000,0.140469600000,0.00390703838057
158.226000000,0.139238800000,0.00389862234414
159.017000000,0.137155600000,0.00387334199122
159.812000000,0.137415800000,0.00387138322620
160.612000000,0.136132600000,0.00385431164350
161.415000000,0.131273400000,0.00383116452758
162.222000000,0.126906400000,0.00380679902950
163.033000000,0.134258200000,0.00383270791811
163.848000000,0.135142200000,0.00382921187432
164.667000000,0.135756000000,0.00384118651063
165.491000000,0.132293000000,0.00382977023814
166.318000000,0.130169200000,0.00382116451247
167.150000000,0.134200400000,0.00382696805774
167.985000000,0.128714000000,0.00380388488882
168.825000000,0.125947800000,0.00378517658298
169.669000000,0.123155200000,0.00376547111011
170.518000000,0.124910800000,0.00376764660802
171.370000000,0.127128800000,0.00376192562199
172.227000000,0.125076200000,0.00373831851602
173.088000000,0.124830600000,0.00371598418736
173.954000000,0.126131800000,0.00369793881554
174.823000000,0.124328000000,0.00367117089471
175.698000000,0.124459400000,0.00366019072910
176.576000000,0.120089000000,0.00363361496913
177.459000000,0.120363000000,0.00362662387163
178.346000000,0.121636800000,0.00362425970265
179.238000000,0.114077000000,0.00359125890730
180.134000000,0.113574200000,0.00359505212411
181.035000000,0.109040600000,0.00357522617351
181.940000000,0.105068600000,0.00355835474479
182.850000000,0.107218000000,0.00357176786326
183.764000000,0.0995962000000,0.00354897899173
184.683000000,0.0992524000000,0.00354490306862
185.606000000,0.0974874000000,0.00354005431294
186.534000000,0.0920152000000,0.00353348510024
187.467000000,0.0908326000000,0.00354212016861
188.404000000,0.0887524000000,0.00355163625530
189.346000000,0.0825462000000,0.00354148243163
190.293000000,0.0869490000000,0.00357113285868
191.244000000,0.0853416000000,0.00356625348264
192.201000000,0.0854036000000,0.00355538007233
193.162000000,0.0880056000000,0.00353847309037
194.128000000,0.0914600000000,0.00351593852657
195.098000000,0.0945774000000,0.00348095193316
196.074000000,0.0966410000000,0.00344310302416
197.054000000,0.0954234000000,0.00338938380051
198.039000000,0.105397400000,0.00338232316102
199.029000000,0.0986464000000,0.00332884237273
200.025000000,0.0988710000000,0.00331275345265
201.025000000,0.105754600000,0.00332154747852
202.030000000,0.101259800000,0.00328998492491
203.040000000,0.100964200000,0.00328444198434
204.055000000,0.103478200000,0.00328498851235
205.075000000,0.109718000000,0.00329706154726
206.101000000,0.109543800000,0.00328243346435
207.131000000,0.110580400000,0.00326925763215
208.167000000,0.110330000000,0.00325031132753
209.208000000,0.111186000000,0.00323667300198
210.254000000,0.108894200000,0.00321233049359
211.305000000,0.113309000000,0.00322523812750
212.362000000,0.107789400000,0.00320421524715
213.424000000,0.107920400000,0.00320610190846
214.491000000,0.111888400000,0.00322650138456
215.563000000,0.106774200000,0.00320897841707
216.641000000,0.110092200000,0.00322370709955
217.724000000,0.106755000000,0.00322376764472
218.813000000,0.107805000000,0.00324215158867
219.907000000,0.0973078000000,0.00321746338213
221.006000000,0.0957028000000,0.00322944241509
222.111000000,0.0976422000000,0.00325463006842
223.222000000,0.0957266000000,0.00326637253827
224.338000000,0.0956510000000,0.00327448302450
225.460000000,0.0926872000000,0.00326504637278
226.587000000,0.0942670000000,0.00327839747907
227.720000000,0.0909572000000,0.00326294681061
228.859000000,0.0913660000000,0.00324339164336
230.003000000,0.0914342000000,0.00323537867411
231.153000000,0.0882022000000,0.00322391865377
232.309000000,0.0883304000000,0.00322380934350
233.470000000,0.0828852000000,0.00321257539904
234.638000000,0.0804070000000,0.00322686698403
235.811000000,0.0854360000000,0.00327472575595
236.990000000,0.0767874000000,0.00325655663133
238.175000000,0.0706336000000,0.00324964293727
239.366000000,0.0665774000000,0.00325940193216
240.562000000,0.0643184000000,0.00326404820004
241.765000000,0.0687756000000,0.00329082398364
242.974000000,0.0670014000000,0.00328392881292
244.189000000,0.0652904000000,0.00327085270195
245.410000000,0.0694436000000,0.00326913359103
246.637000000,0.0707190000000,0.00324837792706
247.870000000,0.0720706000000,0.00322817755673
249.109000000,0.0758162000000,0.00322592340613
250.355000000,0.0775130000000,0.00319679410853
251.607000000,0.0798764000000,0.00317550524205
252.865000000,0.0753760000000,0.00312398949436
254.129000000,0.0876334000000,0.00314582949521
255.400000000,0.0879212000000,0.00310864358288
256.677000000,0.0849404000000,0.00308291965262
257.960000000,0.0819356000000,0.00304773949118
259.250000000,0.0827570000000,0.00304128375487
260.546000000,0.0825114000000,0.00302604951253
261.849000000,0.0859494000000,0.00304532332126
263.158000000,0.0832956000000,0.00302481757882
264.474000000,0.0818242000000,0.00302893294493
265.796000000,0.0816966000000,0.00304544180790
267.125000000,0.0781588000000,0.00306374960674
268.461000000,0.0760476000000,0.00307578018650
269.803000000,0.0715078000000,0.00309243136039
271.152000000,0.0650274000000,0.00310197939156
272.508000000,0.0651080000000,0.00314649695684
273.871000000,0.0541692000000,0.00314091436072
275.240000000,0.0522414000000,0.00318570336218
276.616000000,0.0430506000000,0.00320416240795
277.999000000,0.0388878000000,0.00323943643225
279.389000000,0.0333080000000,0.00326580730967
280.786000000,0.0327164000000,0.00331686805661
282.190000000,0.0280282000000,0.00334507614688
283.601000000,0.0243926000000,0.00337106580969
285.019000000,0.0220748000000,0.00340379128249
286.444000000,0.0155542000000,0.00341594395784
287.876000000,0.0132402000000,0.00341796594066
289.316000000,0.0136262000000,0.00342433990681
290.762000000,0.0148256000000,0.00342427992983
292.216000000,0.0149482000000,0.00341210089453
293.677000000,0.0142048000000,0.00338280156365
295.146000000,0.0142270000000,0.00334948050894
296.621000000,0.0168528000000,0.00332501639477
298.104000000,0.0142896000000,0.00327318288274
299.595000000,0.0292558000000,0.00328529980613
301.093000000,0.0317092000000,0.00325693611971
302.598000000,0.0270174000000,0.00320667010579
304.111000000,0.0303776000000,0.00319192379108
305.632000000,0.0311310000000,0.00318023981256
307.160000000,0.0369540000000,0.00317400322057
308.696000000,0.0350624000000,0.00313347059297
310.239000000,0.0404150000000,0.00312517934755
311.791000000,0.0446224000000,0.00309016997488
313.350000000,0.0477598000000,0.00305292492421
314.916000000,0.0480196000000,0.00301700801236
316.491000000,0.0515522000000,0.00297664990805
318.073000000,0.0583246000000,0.00295215872654
319.664000000,0.0603274000000,0.00291161926425
321.262000000,0.0625752000000,0.00286519878512
322.868000000,0.0663434000000,0.00282258352709
324.483000000,0.0741638000000,0.00281255941805
326.105000000,0.0755996000000,0.00277818353574
327.736000000,0.0775210000000,0.00275039679811
329.374000000,0.0767206000000,0.00271592265275
331.021000000,0.0807228000000,0.00271442692865
332.676000000,0.0833660000000,0.00270953822555
334.340000000,0.0865124000000,0.00270436100530
336.011000000,0.0865694000000,0.00269343589009
337.691000000,0.0851784000000,0.00267279131307
339.380000000,0.0815668000000,0.00263583280040
341.077000000,0.0813562000000,0.00262337292104
342.782000000,0.0837338000000,0.00263531235292
344.496000000,0.0810880000000,0.00261363787034
346.218000000,0.0805412000000,0.00260838740643
347.950000000,0.0824831200000,0.00262069545003
349.689000000,0.0830100000000,0.00261768296210
351.438000000,0.0880577400000,0.00262557187867
353.195000000,0.0870953000000,0.00261479232627
354.961000000,0.0856357000000,0.00261138167271
356.736000000,0.0832611800000,0.00260734182107
358.519000000,0.0868675800000,0.00263294242521
360.312000000,0.0835884600000,0.00262863243593
362.114000000,0.0808024800000,0.00261998753263
363.924000000,0.0804412200000,0.00260616738716
365.744000000,0.0808373200000,0.00259958356574
367.572000000,0.0863567000000,0.00262862979907
369.410000000,0.0843009000000,0.00261296125903
371.257000000,0.0820171800000,0.00260275965897
373.114000000,0.0788244200000,0.00259056875219
374.979000000,0.0786438600000,0.00259829337803
376.854000000,0.0775712000000,0.00261324116669
378.738000000,0.0788267400000,0.00263091058806
380.632000000,0.0791028800000,0.00264212213623
382.535000000,0.0803143000000,0.00266583930307
384.448000000,0.0785102800000,0.00266037248285
386.370000000,0.0805136800000,0.00267540509020
388.302000000,0.0804918400000,0.00267874163370
390.244000000,0.0822701200000,0.00269032882508
392.195000000,0.0779737200000,0.00267267262816
394.156000000,0.0819870000000,0.00270705953600
396.127000000,0.0807476000000,0.00270233280860
398.107000000,0.0821664800000,0.00272454252064
400.098000000,0.0796688000000,0.00272483221835
402.098000000,0.0764268000000,0.00272044618649
404.109000000,0.0760078000000,0.00273436076147
406.129000000,0.0787746000000,0.00277044105414
408.160000000,0.0733194000000,0.00275853882022
410.201000000,0.0707252000000,0.00276768973193
412.252000000,0.0726260000000,0.00279408935765
414.313000000,0.0678378000000,0.00278445957375
416.384000000,0.0700728000000,0.00281004460689
418.466000000,0.0697996000000,0.00281188504608
420.559000000,0.0710710000000,0.00283247846655
422.662000000,0.0698250000000,0.00283162899662
424.775000000,0.0706472000000,0.00284785591231
426.899000000,0.0668918000000,0.00283657842713
429.033000000,0.0668742000000,0.00284400037663
431.178000000,0.0680170000000,0.00284759208389
433.334000000,0.0704190000000,0.00288052801053
435.501000000,0.0676234000000,0.00287197603646
437.678000000,0.0634050000000,0.00286890584698
439.867000000,0.0637734000000,0.00288863673981
442.066000000,0.0603188000000,0.00288455874657
444.276000000,0.0599814000000,0.00288499116999
446.498000000,0.0551756000000,0.00285858945019
448.730000000,0.0565576000000,0.00287193456824
450.974000000,0.0539346000000,0.00287337542680
453.229000000,0.0505148000000,0.00285340761029
455.495000000,0.0510578000000,0.00285814366890
457.773000000,0.0536858000000,0.00288603583944
460.061000000,0.0532362000000,0.00287706235943
462.362000000,0.0487724000000,0.00283834717207
464.673000000,0.0446114000000,0.00281046932155
466.997000000,0.0404108000000,0.00278660260393
469.332000000,0.0403384000000,0.00279052996462
471.679000000,0.0362174000000,0.00276139884220
474.037000000,0.0412790000000,0.00278974648337
476.407000000,0.0364664000000,0.00276181461677
478.789000000,0.0363018000000,0.00276527533305
481.183000000,0.0383678000000,0.00276863356447
483.589000000,0.0361540000000,0.00274531540796
486.007000000,0.0370762000000,0.00274110557092
488.437000000,0.0363412000000,0.00273004377100
490.879000000,0.0415304000000,0.00275126289303
493.334000000,0.0412898000000,0.00273575795134
495.800000000,0.0403679800000,0.00272065289100
498.279000000,0.0426168200000,0.00273273944269
500.771000000,0.0415026658194,0.00271105886927
503.274000000,0.0420319196262,0.00270273016244
505.791000000,0.0425742241067,0.00270007394227
508.320000000,0.0407772672720,0.00267557845651
510.861000000,0.0433718946661,0.00269020902653
513.416000000,0.0459932638685,0.00269976774621
515.983000000,0.0479252711229,0.00271345659048
518.563000000,0.0487400453079,0.00271806619529
521.155000000,0.0473734091443,0.00271674033761
523.761000000,0.0452543142870,0.00271354562737
526.380000000,0.0483463870717,0.00274070835922
529.012000000,0.0472842271816,0.00273355713866
531.657000000,0.0482622063815,0.00275145096225
534.315000000,0.0498747174813,0.00277452608990
536.987000000,0.0513184522353,0.00278695416164
539.672000000,0.0532581517391,0.00281519129513
542.370000000,0.0522191066851,0.00282045930903
545.082000000,0.0550336240844,0.00285511345845
547.807000000,0.0494555390260,0.00283307385478
550.546000000,0.0500603605152,0.00284910642875
553.299000000,0.0494334391757,0.00284768093852
556.066000000,0.0494400598386,0.00286340991528
558.846000000,0.0481263033454,0.00286316000148
561.640000000,0.0525071022143,0.00288957675455
